33.25
33.25
33.25
33.25
33.18
33.25
33.18
33.18
33.18
33.18
33.18
33.18
33.12
33.12
33.12
33.12
33.12
33.12
33.12
33.18
33.18
33.25
33.25
33.25
33.25
33.31
33.31
33.31
33.37
33.43
33.43
33.5
33.56
33.62
33.68
33.68
33.75
33.81
33.87
33.93
33.93
34
34.06
34.12
34.12
34.18
34.18
34.25
34.25
34.31
34.37
34.43
34.5
34.5
34.56
34.62
34.62
34.68
34.68
34.68
34.68
34.68
34.68
34.75
34.75
34.75
34.75
34.81
34.81
34.81
34.81
34.81
34.81
34.81
34.81
34.81
34.81
34.81
34.81
34.81
34.81
34.81
34.87
34.87
34.87
34.93
34.93
35
35
35
35
34.93
34.93
34.93
34.93
34.93
34.93
34.93
34.93
34.93
35
35
35
35
35
35
35
35
35
35
35
35
35
35
35.06
35.06
35.06
35.06
35.06
35.06
35
35
35
35
35
35
34.93
34.93
34.93
34.93
35
35
35
35
35
35
35
35.06
35.06
35.06
35.06
35.06
35.06
35.06
35.06
35
35
35
34.93
34.93
34.93
34.93
34.93
34.93
34.93
35
35
35
35
35
35
35
35.06
35.06
35.06
35.06
35.06
35.12
35.12
35.12
35.12
35.06
35.06
35.06
35.06
35.12
35.12
35.06
35.12
35.06
35.06
35
35
34.93
34.93
34.93
34.93
34.87
34.87
34.87
34.93
34.93
34.93
34.93
34.93
35
35
35
35.06
35.06
35.06
35.06
35.12
35.12
35.12
35.12
35.12
35.18
35.18
35.18
35.25
35.25
35.25
35.31
35.31
35.31
35.31
35.31
35.31
35.31
35.31
35.31
35.31
35.31
35.25
35.25
35.25
35.18
35.18
35.12
35.12
35.06
35
35
35
34.93
34.93
34.93
34.87
34.81
34.81
34.81
34.75
34.75
34.68
34.68
34.68
34.68
34.68
34.68
34.68
34.68
34.68
34.75
34.75
34.75
34.75
34.81
34.81
34.81
34.81
34.87
34.81
34.81
34.81
34.81
34.81
34.81
34.81
34.81
34.81
34.87
34.87
34.87
34.93
35
35.06
35.06
35.12
35.12
35.18
35.18
35.18
35.18
35.18
35.18
35.18
35.18
35.18
35.25
35.18
35.25
35.18
35.18
35.18
35.18
35.18
35.18
35.18
35.18
35.18
35.18
35.18
35.18
35.18
35.18
35.18
35.18
35.18
35.18
35.18
35.18
35.12
35.12
35.12
35.12
35.12
35.12
35.12
35.12
35.18
35.18
35.18
35.18
35.18
35.12
35.12
35.12
35.12
35.12
35.12
35.12
35.12
35.12
35.06
35.06
35.06
35.06
35.06
35.06
35.06
35.06
35.06
35.06
35.06
35.06
35.12
35.12
35.12
35.12
35.12
35.18
35.18
35.18
35.18
35.18
35.18
35.12
35.12
35.12
35.12
35.06
35.06
35
35
34.93
34.93
34.87
34.87
34.87
34.81
34.81
34.81
34.81
34.75
34.75
34.75
34.68
34.75
34.68
34.68
34.68
34.68
34.68
34.68
34.68
34.68
34.75
34.75
34.75
34.81
34.81
34.81
34.75
34.75
34.75
34.75
34.75
34.75
34.75
34.75
34.75
34.81
34.81
34.81
34.81
34.81
34.87
34.87
34.87
34.93
34.93
35
35
35
35.06
35.06
35.06
35.06
35.06
35.06
35.06
35.06
35.06
35.06
35.06
35.06
35.06
35.06
35.06
35.06
35.06
35.06
35.06
35.06
35.12
35.06
35.06
35.06
35.06
35.06
35.06
35.06
35.06
35.06
35.06
35.06
35.06
35.06
35.12
35.12
35.18
35.18
35.18
35.18
35.25
35.18
35.18
35.18
35.25
35.25
35.25
35.31
35.31
35.37
35.37
35.37
35.37
35.37
35.37
35.31
35.31
35.31
35.25
35.18
35.18
35.12
35.12
35.12
35.12
35.18
35.18
35.12
35.12
35.12
35.06
35.06
35.06
35.06
35.06
35.06
35.06
35.06
35.06
35.06
35.06
35.06
35
35
34.93
34.93
34.87
34.87
34.81
34.81
34.81
34.81
34.81
34.81
34.81
34.81
34.75
34.75
34.75
34.68
34.68
34.62
34.62
34.56
34.5
34.43
34.31
34.25
34.18
34.06
34
33.87
33.81
33.68
33.56
33.5
33.37
33.25
33.18
33.06
33
32.87
32.75
32.62
32.56
32.43
32.31
32.18
32.12
32
31.87
31.75
31.62
31.56
31.43
31.37
31.25
31.18
31.06
31
30.93
30.81
30.75
30.62
30.56
30.5
30.43
30.37
30.31
30.25
30.18
30.12
30.12
30.06
30.06
30
30
29.93
29.93
29.93
29.93
29.93
29.93
29.93
29.87
29.87
29.87
29.87
29.87
29.87
29.87
29.87
29.87
29.87
29.87
29.87
29.87
29.87
29.87
29.93
29.93
29.93
29.93
29.93
29.93
29.93
29.93
29.93
30
30
30
30.06
30.06
30.06
30.06
30.06
30.12
30.12
30.12
30.12
30.12
30.12
30.18
30.18
30.18
30.18
30.18
30.18
30.25
30.25
30.25
30.25
30.25
30.25
30.25
30.31
30.31
30.31
30.25
30.31
30.31
30.31
30.31
30.31
30.31
30.25
30.25
30.25
30.25
30.25
30.25
30.25
30.18
30.18
30.12
30.12
30.12
30.12
30.12
30.12
30.12
30.06
30.06
30.06
30.06
30.06
30.06
30
30
30
30
30
30
29.93
29.93
29.93
29.87
29.87
29.81
29.81
29.81
29.81
29.75
29.75
29.81
29.81
29.81
29.81
29.81
29.81
29.81
29.81
29.81
29.87
29.87
29.87
29.81
29.81
29.81
29.81
29.87
29.87
29.87
29.93
29.93
29.93
30
30
30
30
30
30
30
30
30
30
30
30
30
30
30
30
30
30
30
30
30
30
30
30
30
30
30
30
30
29.93
29.93
29.93
29.93
29.93
29.93
30
30
30
30
29.93
30
30
30
30
30
30
30
30
30
30
30
30.06
30.06
30.06
30.06
30.12
30.12
30.12
30.12
30.18
30.18
30.18
30.18
30.18
30.18
30.18
30.18
30.18
30.18
30.12
30.18
30.18
30.12
30.18
30.12
30.12
30.12
30.12
30.12
30.06
30.06
30.06
30
30
30
29.93
29.93
29.87
29.87
29.87
29.87
29.87
29.81
29.81
29.81
29.75
29.75
29.75
29.68
29.68
29.62
29.62
29.62
29.62
29.56
29.56
29.56
29.56
29.56
29.62
29.62
29.62
29.62
29.68
29.68
29.68
29.68
29.75
29.75
29.75
29.81
29.81
29.81
29.87
29.87
29.87
29.87
29.93
29.93
29.93
29.93
30
30
30.06
30.06
30.12
30.12
30.18
30.18
30.25
30.31
30.31
30.31
30.37
30.37
30.37
30.37
30.43
30.37
30.37
30.37
30.37
30.37
30.37
30.37
30.37
30.37
30.37
30.31
30.31
30.31
30.25
30.25
30.25
30.25
30.25
30.25
30.25
30.18
30.18
30.18
30.18
30.18
30.18
30.18
30.18
30.12
30.12
30.12
30.06
30.06
30.06
30
30
30
29.93
29.93
29.93
29.87
29.87
29.87
29.81
29.81
29.81
29.81
29.81
29.81
29.81
29.87
29.87
29.87
29.87
29.87
29.87
29.81
29.81
29.87
29.87
29.87
29.87
29.87
29.87
29.87
29.87
29.87
29.87
29.87
29.87
29.87
29.87
29.87
29.87
29.87
29.87
29.87
29.87
29.87
29.87
29.87
29.87
29.87
29.87
29.87
29.87
29.87
29.87
29.87
29.93
29.93
29.93
29.93
30
30
30
30
30.06
30.06
30.06
30.06
30.06
30.06
30.06
30.06
30.06
30.06
30.06
30.12
30.06
30.06
30.06
30.06
30.06
30.06
30.06
30.06
30.06
30.06
30.06
30.06
30
30
30
30
30
29.93
29.93
29.93
29.93
29.93
29.93
29.93
29.93
29.93
29.93
29.93
29.93
29.93
29.93
29.93
29.93
29.93
