26.133
26.265
26.398
26.53
26.662
26.795
26.923
27.051
27.179
27.307
27.431
27.555
27.678
27.801
27.924
28.05
28.171
28.296
28.417
28.538
28.658
28.774
28.889
29.004
29.119
29.229
29.338
29.447
29.556
29.66
29.765
29.868
29.972
30.075
30.177
30.279
30.381
30.479
30.577
30.674
30.768
30.861
30.953
31.046
31.138
31.226
31.314
31.401
31.485
31.568
31.651
31.733
31.812
31.891
31.97
32.044
32.119
32.193
32.264
32.334
32.4
32.466
32.532
32.598
32.661
32.723
32.785
32.847
32.909
32.968
33.026
33.084
33.142
33.196
33.25
33.303
33.357
33.41
33.464
33.517
33.567
33.617
33.667
33.713
33.759
33.805
33.851
33.897
33.944
33.99
34.037
34.083
26.067
26.133
26.2
26.266
26.329
26.392
26.455
26.513
26.572
26.63
26.688
26.743
26.797
26.851
26.902
26.952
27.002
27.048
27.095
27.14
27.186
27.232
27.277
27.322
27.367
27.412
27.46
27.508
27.555
27.603
27.65
27.697
27.744
27.791
27.841
27.891
27.945
27.998
28.051
28.104
28.157
28.21
28.266
28.323
28.379
28.436
28.492
28.548
28.604
28.659
28.715
28.773
28.832
28.894
28.956
29.021
29.087
29.156
29.225
29.294
29.362
29.434
29.506
29.578
29.65
29.725
29.799
29.874
29.949
30.026
30.104
30.181
30.259
30.336
30.409
30.482
30.555
30.624
30.693
30.762
30.827
30.892
30.956
31.021
31.085
31.149
31.213
31.277
31.341
31.405
31.468
31.532
31.595
31.658
31.721
31.78
31.839
31.898
31.953
32.005
32.056
32.104
32.152
32.195
32.239
32.282
32.326
32.366
32.409
32.452
32.495
32.535
32.574
32.614
32.657
32.7
32.742
32.785
32.832
32.879
32.926
32.972
33.019
33.066
33.112
33.159
33.206
