26.166
26.332
26.492
26.651
26.811
26.975
27.14
27.304
27.468
27.637
27.806
27.974
28.135
28.296
28.456
28.614
28.773
28.93
29.086
29.241
29.396
29.549
29.701
29.852
30.008
30.157
30.305
30.452
30.598
30.743
30.887
31.031
31.173
31.315
31.455
31.595
31.734
31.872
32.009
32.146
32.282
32.411
32.54
32.668
32.795
32.922
33.047
33.173
33.297
33.421
33.545
33.667
33.789
33.911
34.032
34.153
34.267
34.381
34.494
34.607
34.72
34.832
34.944
35.048
35.153
35.257
35.354
35.452
35.549
35.639
35.73
35.814
35.898
35.975
36.052
36.128
36.198
36.268
36.332
36.395
36.453
36.51
36.567
36.624
36.675
36.725
36.775
36.826
36.871
36.916
36.961
37
37.04
37.08
37.121
37.161
37.196
37.232
37.261
37.29
37.313
37.337
37.356
37.375
37.388
37.394
37.396
37.391
37.387
37.377
37.361
37.339
37.317
37.29
37.263
37.231
37.199
37.167
37.135
37.097
37.06
37.017
36.974
36.926
36.878
36.831
36.778
36.726
36.674
36.623
36.572
36.523
36.473
36.425
36.377
36.336
36.295
36.255
36.211
36.167
36.124
36.081
36.04
35.999
35.96
35.914
35.869
35.825
35.776
35.728
35.675
35.622
35.564
35.507
35.444
35.382
35.32
35.253
35.186
35.12
35.055
34.99
34.92
34.851
34.782
34.713
34.645
34.572
34.499
34.427
34.355
34.284
34.213
34.143
34.073
34.004
33.936
33.868
33.8
33.739
33.678
33.618
33.559
33.5
33.442
33.384
33.322
33.259
33.204
33.149
33.094
33.041
32.993
32.953
32.913
32.873
32.841
32.809
32.784
32.759
32.735
32.711
32.687
32.67
32.653
32.636
32.613
32.59
32.568
32.546
32.523
32.501
32.479
32.457
32.435
32.413
32.391
32.375
32.359
32.342
32.332
32.321
32.317
32.313
32.309
32.305
32.306
32.308
32.309
32.31
32.311
32.312
32.312
32.313
32.313
32.308
32.302
32.296
32.29
32.277
32.271
32.265
32.258
32.252
32.245
32.238
32.231
32.224
32.216
32.209
32.207
32.205
32.203
32.2
32.198
32.196
32.187
32.179
32.176
32.174
32.171
32.168
32.171
32.174
32.176
32.179
32.187
32.196
32.211
32.225
32.24
32.255
32.276
32.296
32.316
32.336
32.362
32.388
32.413
32.439
32.464
32.49
32.515
32.534
32.553
32.571
32.584
32.597
32.609
32.622
32.634
32.639
32.644
32.649
32.654
32.658
32.657
32.655
32.653
32.651
32.649
32.646
32.65
32.653
32.656
32.659
32.668
32.678
32.687
32.696
32.705
32.719
32.728
32.736
32.744
32.758
32.772
32.786
32.799
32.806
32.813
32.82
32.827
32.834
32.834
32.833
32.833
32.827
32.82
32.814
32.807
32.801
32.794
32.788
32.775
32.763
32.75
32.737
32.725
32.712
32.699
32.68
32.667
32.654
32.641
32.628
32.616
32.603
32.59
32.583
32.577
32.57
32.563
32.563
32.562
32.561
32.561
32.56
32.56
32.56
32.56
32.559
32.559
32.559
32.559
32.558
32.558
32.552
32.546
32.54
32.528
32.516
32.504
32.492
32.48
32.468
32.456
32.444
32.432
32.42
