26
33.702
40.044
45.123
49.275
52.413
54.654
56.283
57.374
57.819
57.886
57.636
56.914
56.007
54.78
53.296
51.61
49.823
47.987
46.186
44.418
42.717
41.161
39.71
38.416
37.263
36.114
35.171
34.474
33.838
33.423
33.171
32.894
32.818
32.784
32.807
32.923
33.08
33.222
33.416
33.61
33.768
33.83
33.805
33.678
33.629
33.628
33.474
33.287
33.077
32.654
32.263
31.904
31.581
31.309
31.295
31.3
31.334
31.199
31.065
30.955
30.881
31.063
31.288
31.559
31.674
31.868
32.27
32.468
32.705
32.979
33.227
33.47
33.656
34.024
34.292
34.43
34.66
34.818
34.937
35.154
35.491
35.776
36.033
36.213
36.342
36.457
36.58
36.717
36.808
36.886
36.978
36.843
36.644
36.246
35.811
35.376
34.983
34.413
33.913
33.437
32.96
32.524
32.094
31.448
30.884
30.378
29.907
29.673
29.439
29.19
28.93
28.534
28.295
28.173
28.143
28.454
28.832
29.312
29.847
30.397
31.172
31.928
32.723
33.507
34.41
35.278
36.299
37.215
38.058
38.772
39.412
39.93
40.362
40.565
40.691
40.7
40.647
40.396
40.287
40.16
39.811
39.489
39.161
38.805
38.415
38.045
37.674
37.295
36.897
36.483
36.057
35.625
35.195
34.763
34.336
33.932
33.557
33.22
32.759
32.382
32.084
31.862
31.716
31.642
31.631
31.68
31.789
31.741
31.962
32.209
32.55
32.947
33.438
34.151
34.739
35.526
36.029
36.518
36.956
37.307
37.571
37.741
37.981
38.16
38.266
38.286
38.217
38.055
37.888
37.697
37.707
37.715
37.692
37.643
37.554
37.433
37.277
36.917
36.567
36.237
35.763
35.279
34.612
34.01
33.395
32.628
31.939
31.341
30.833
30.423
30.197
29.946
29.842
29.779
29.83
29.97
30.003
30.117
30.462
30.817
31.161
31.475
31.748
32.133
32.433
32.64
32.759
32.795
32.761
32.649
32.712
32.734
32.783
32.839
33.088
33.295
33.519
33.744
33.955
34.221
34.513
34.984
35.422
35.822
36.354
36.812
37.213
37.547
37.819
38.037
38.223
38.448
38.69
38.941
39.255
39.769
40.252
40.69
41.005
41.213
41.331
41.197
41.018
40.797
40.433
40.098
39.539
38.961
38.184
37.273
36.429
35.495
34.493
33.548
32.532
31.682
30.983
30.423
29.802
29.316
28.949
28.679
28.482
28.356
28.113
27.94
27.661
27.468
27.342
27.062
26.874
26.761
26.719
26.737
26.707
26.806
27.176
27.53
27.869
28.396
28.876
29.315
29.889
30.399
30.785
31.084
31.479
31.786
32.207
32.608
33.186
33.865
34.622
35.241
35.903
36.421
37.014
37.439
37.821
37.996
38.167
38.149
37.977
37.85
37.652
37.382
37.126
36.861
36.641
36.652
36.44
36.234
36.162
35.797
35.411
35.015
34.45
33.931
33.467
33.042
32.504
32.045
31.655
31.161
30.766
30.336
30.071
29.946
29.761
29.693
29.725
29.733
29.895
30.167
30.518
30.928
31.383
31.843
32.291
32.715
33.11
33.647
34.032
34.554
34.926
35.364
35.662
36.095
36.446
36.721
36.916
37.214
37.409
37.436
37.405
37.507
37.538
37.524
37.479
37.409
37.401
37.445
37.453
37.257
37.062
36.868
36.668
36.476
36.289
36.122
36.04
36.015
35.975
35.919
35.837
35.743
35.647
35.546
35.267
35.007
34.841
34.744
34.697
34.684
34.684
34.694
34.714
34.578
34.476
34.406
34.362
34.511
34.639
34.586
34.549
34.52
34.496
34.472
34.452
34.424
34.394
34.364
34.346
34.329
34.343
34.555
34.586
34.642
34.731
34.857
35.006
34.957
34.96
34.997
34.88
34.805
34.761
34.736
34.717
34.701
34.699
34.7
34.699
34.525
34.377
34.247
34.132
34.026
33.923
33.825
33.73
33.638
33.54
33.621
33.673
33.692
33.669
33.609
33.497
33.165
32.821
32.639
32.432
32.202
31.968
31.752
31.557
31.394
31.263
30.997
30.802
30.681
30.444
30.31
30.264
30.292
30.387
30.529
30.709
30.919
31.154
31.405
31.675
31.96
32.257
32.567
32.883
33.208
33.523
34.011
34.462
34.869
35.237
35.563
35.837
36.066
36.06
36.209
36.307
36.177
21.367
8.9691
0
0
0
0
0
0
0
0
0
0
0
0
0
0
0
0
0
0
0
0
0
0
0
0
0
0
0
0
0
0
0.081093
0.49441
1.1523
1.9707
2.8334
3.7814
4.7219
5.526
6.3885
7.4083
8.5393
9.5758
10.714
11.889
12.944
14.173
15.329
16.581
17.616
18.462
19.346
20.026
20.512
20.862
21.069
21.143
21.239
21.171
21.155
20.912
20.64
20.178
19.748
19.208
18.716
18.219
17.887
17.457
17.102
16.999
17.001
16.985
17.057
17.238
17.466
17.63
17.659
17.7
17.698
17.631
17.435
17.27
17.115
16.919
16.796
16.376
16.202
16.042
15.86
15.714
15.714
15.634
15.846
15.853
15.991
16.124
16.212
16.196
16.471
16.788
17.163
17.606
18.055
18.504
19.166
19.891
20.65
21.434
22.236
23.08
23.634
23.965
24.207
24.319
24.327
24.137
23.887
23.61
23.27
22.906
22.218
21.552
20.941
20.357
19.522
18.714
17.915
17.232
16.544
15.968
15.404
14.835
14.333
13.834
13.462
13.061
12.695
12.341
12.094
11.829
11.442
11.17
11.072
10.996
10.944
10.934
11.032
11.207
11.444
11.735
12.258
12.785
13.293
13.961
14.587
15.165
15.844
16.614
17.264
18.023
18.66
19.372
19.958
20.438
20.996
21.441
21.779
22.026
22.229
22.241
21.995
21.645
21.118
20.559
20.133
19.764
19.444
19.136
18.925
18.794
18.734
18.437
18.14
17.864
17.704
17.649
17.529
17.553
17.257
17.139
17.036
16.834
16.713
16.659
16.668
16.733
16.834
16.941
17.059
17.139
17.321
17.567
17.947
18.432
18.788
19.121
19.424
19.711
19.811
19.78
19.49
19.419
19.369
19.321
19.238
19.419
19.63
19.872
20.14
20.439
20.776
21.138
21.522
21.93
22.36
22.792
23.215
23.625
23.908
23.883
23.7
23.473
23.225
23.039
22.586
22.106
21.624
21.075
20.49
19.916
19.44
18.872
18.403
17.852
17.396
17.022
16.517
16.097
15.729
15.282
14.777
14.076
13.338
12.597
11.904
11.497
11.113
11.075
11.122
11.159
11.198
11.442
11.529
11.507
11.556
11.722
12.125
12.478
12.786
13.054
13.285
13.792
14.04
14.4
14.637
14.859
15.084
15.483
15.867
16.253
16.853
17.424
18.155
18.84
19.481
20.064
20.595
21.255
21.84
22.355
22.779
23.104
23.207
23.14
22.951
22.858
22.843
22.863
22.834
22.743
22.605
22.433
22.361
22.337
22.339
22.277
21.99
21.559
21.025
20.279
19.613
19.028
18.321
17.719
17.046
16.502
16.212
15.958
15.882
15.89
15.979
16.136
16.059
15.984
15.804
15.639
15.405
15.194
15.043
15.012
15.201
15.556
16.009
16.47
16.941
17.4
17.833
18.252
18.657
19.042
19.582
20.074
20.508
20.763
20.878
20.894
21.073
21.204
21.302
21.201
20.939
20.576
20.222
19.879
19.538
19.206
18.904
18.45
18.054
17.722
17.585
17.44
17.43
17.438
17.353
17.105
16.552
15.998
15.533
15.158
14.856
14.755
14.661
14.565
14.39
14.45
14.496
14.532
14.434
14.222
14.256
14.39
14.58
14.753
14.905
15.044
15.184
15.306
15.282
15.16
15.115
15.196
15.365
15.533
15.702
16.043
16.359
16.663
17.009
17.239
17.391
17.763
18.098
18.58
18.969
19.271
19.491
19.823
20.067
20.226
20.33
20.377
20.387
20.544
20.662
20.747
20.806
20.85
20.866
20.861
20.817
20.751
20.66
20.367
20.069
19.783
19.498
19.224
18.97
18.739
18.539
18.369
18.241
17.981
17.766
17.604
17.32
17.273
17.088
16.942
16.838
16.777
16.746
16.759
16.801
16.876
16.963
17.074
17.196
17.342
17.5
17.676
17.659
17.696
17.783
17.919
18.302
