32.31
32.31
32.31
32.31
32.31
32.31
32.31
32.31
32.37
32.37
32.37
32.43
32.5
32.5
32.56
32.62
32.68
32.75
32.81
32.87
32.93
33
33.06
33.12
33.18
33.31
33.37
33.5
33.56
33.62
33.75
33.81
33.93
34.06
34.12
34.25
34.31
34.43
34.56
34.68
34.81
34.93
35.06
35.18
35.31
35.43
35.56
35.62
35.75
35.81
35.93
36.06
36.18
36.25
36.37
36.43
36.56
36.62
36.68
36.75
36.81
36.93
36.93
37
37.06
37.12
37.18
37.25
37.31
37.31
37.37
37.43
37.43
37.5
37.5
37.5
37.5
37.43
37.43
37.43
37.37
37.37
37.37
37.37
37.31
37.31
37.25
37.18
37.12
37.06
36.93
36.87
36.75
36.62
36.56
36.43
36.31
36.25
36.12
36.06
35.93
35.81
35.68
35.56
35.43
35.31
35.18
35.06
34.93
34.81
34.68
34.56
34.5
34.37
34.31
34.18
34.06
34
33.93
33.81
33.75
33.62
33.56
33.5
33.37
33.31
33.25
33.18
33.12
33.06
33
32.93
32.93
32.87
32.87
32.81
32.81
32.81
32.81
32.81
32.75
32.75
32.75
32.75
32.75
32.81
32.81
32.81
32.87
32.87
32.93
33
33.06
33.12
33.18
33.25
33.31
33.37
33.5
33.56
33.62
33.68
33.81
33.87
33.93
34.06
34.12
34.25
34.31
34.43
34.56
34.68
34.75
34.87
35
35.06
35.18
35.31
35.43
35.56
35.68
35.75
35.87
35.93
36.06
36.12
36.18
36.25
36.31
36.37
36.43
36.56
36.62
36.68
36.75
36.81
36.87
36.87
36.87
36.93
37
37.06
37.06
37.12
37.12
37.18
37.18
37.25
37.25
37.25
37.25
37.18
37.18
37.18
37.12
37.06
37
36.93
36.87
36.81
36.75
36.68
36.68
36.56
36.56
36.43
36.37
36.31
36.18
36.12
36
35.93
35.81
35.75
35.68
35.56
35.43
35.31
35.18
35.12
35
34.93
34.81
34.75
34.68
34.56
34.43
34.37
34.31
34.18
34.12
34.06
33.93
33.87
33.75
33.68
33.62
33.56
33.5
33.43
33.37
33.31
33.25
33.25
33.18
33.18
33.12
33.06
33.06
33.06
33.06
33.06
33
33
33
33
33
33.06
33.06
33.06
33.12
33.12
33.18
33.18
33.18
33.25
33.31
33.37
33.43
33.5
33.56
33.62
33.68
33.75
33.81
33.87
33.87
33.93
34.06
34.12
34.18
34.25
34.37
34.43
34.56
34.62
34.75
34.81
34.93
35
35.12
35.25
35.37
35.5
35.56
35.68
35.81
35.87
36
36.06
36.18
36.25
36.31
36.43
36.5
36.56
36.62
36.68
36.75
