32.5
32.5
32.5
32.56
32.56
32.56
32.56
32.62
32.62
32.62
32.62
32.62
32.68
32.75
32.75
32.81
32.87
32.87
32.93
33
33.06
33.12
33.18
33.25
33.31
33.31
33.37
33.43
33.5
33.62
33.68
33.75
33.81
33.87
33.93
34
34.06
34.12
34.18
34.25
34.31
34.43
34.5
34.56
34.62
34.62
34.75
34.75
34.81
34.93
35
35.06
35.12
35.18
35.25
35.31
35.37
35.43
35.43
35.5
35.5
35.56
35.56
35.62
35.68
35.75
35.81
35.81
35.87
35.93
35.93
35.93
36
36
36.06
36.12
36.12
36.18
36.25
36.25
36.31
36.31
36.37
36.37
36.43
36.43
36.43
36.43
36.43
36.43
36.43
36.43
36.43
36.43
36.37
36.37
36.31
36.31
36.25
36.25
36.25
36.25
36.18
36.18
36.18
36.12
36.12
36.06
36
36
35.93
35.93
35.87
35.87
35.81
35.81
35.81
35.75
35.68
35.68
35.62
35.62
35.56
35.56
35.5
35.5
35.43
35.43
35.37
35.31
35.25
35.25
35.18
35.18
35.12
35.12
35.06
35
35
35
34.93
34.93
34.87
34.81
34.75
34.75
34.68
34.62
34.62
34.56
34.56
34.56
34.56
34.5
34.5
34.5
34.43
34.43
34.43
34.43
34.37
34.37
34.31
34.31
34.25
34.25
34.25
34.18
34.18
34.12
34.12
34.12
34.12
34.12
34.12
34.12
34.12
34.12
34.18
34.18
34.18
34.18
34.18
34.18
34.18
34.25
34.25
34.25
34.31
34.31
34.31
34.31
34.37
34.37
34.37
34.31
34.31
34.31
34.31
34.31
34.31
34.31
34.37
34.43
34.43
34.5
34.56
34.62
34.62
34.68
34.68
34.75
34.75
34.81
34.81
34.81
34.87
34.87
34.93
34.93
34.93
35
35.06
35.06
35.12
35.18
35.18
35.25
35.25
35.25
35.25
35.25
35.25
35.25
35.25
35.25
35.31
35.31
35.37
35.43
35.43
35.5
35.5
35.56
35.56
35.56
35.62
35.62
35.62
35.62
35.62
35.62
35.62
35.62
35.62
35.62
35.62
35.68
35.68
35.62
35.62
35.56
35.56
35.5
35.43
35.43
35.43
35.43
35.43
35.43
35.43
35.37
35.37
35.37
35.37
35.31
35.31
35.25
35.25
35.18
35.18
35.18
35.18
35.18
35.12
35.12
35.12
35.12
35.12
35.12
35.06
35.06
35
35
35
34.93
34.93
34.93
34.93
34.93
34.87
34.87
34.87
34.81
34.81
34.81
34.81
34.87
34.87
34.87
34.93
34.93
34.93
34.93
34.93
34.87
34.87
34.87
34.87
34.87
34.87
34.87
34.93
34.93
34.93
34.93
34.93
34.93
34.93
34.87
34.87
34.87
34.87
34.87
34.87
34.87
34.81
34.81
34.81
34.75
34.75
34.75
34.75
34.75
34.68
34.68
34.68
34.68
34.75
34.75
34.75
34.75
34.81
34.81
34.81
34.81
34.81
34.87
34.87
34.87
34.87
34.87
34.87
34.87
34.87
34.87
34.87
34.87
34.87
34.87
34.87
34.81
34.81
34.81
34.81
34.81
34.81
34.81
34.81
34.87
34.87
34.87
34.93
34.93
35
35
35
35.06
35.06
35.06
35.12
35.12
35.12
35.18
35.18
35.18
35.18
35.12
35.12
35.18
35.12
35.12
35.12
35.12
35.12
35.12
35.12
35.18
35.18
35.12
35.12
35.12
35.12
35.12
35.06
35.06
35.06
35.06
35
35
35
35
35
35.06
35.06
35.06
35.06
35.06
35.06
35.06
35.06
35.06
35.06
35.06
35.06
35.12
35.12
35.06
35.06
35.06
35.06
35.06
35.06
35.06
35.06
35.06
35.06
35.06
35
35
35
35
35
35
35
35
35
34.93
34.93
34.93
34.93
34.93
34.93
34.93
34.93
34.93
34.93
34.93
34.93
34.87
34.87
34.87
34.87
34.87
34.87
34.87
34.87
34.81
34.81
34.81
34.81
34.81
34.81
34.87
34.87
34.87
34.93
34.93
34.93
34.93
34.93
34.93
34.93
34.93
34.93
34.93
34.93
34.93
34.93
34.93
34.93
34.93
34.93
34.93
34.93
34.93
34.93
34.93
34.87
34.87
34.81
34.81
34.81
34.75
34.75
34.68
34.68
34.56
34.56
34.5
34.43
34.37
34.31
34.18
34.12
34.06
33.93
33.87
33.75
33.68
33.62
33.5
33.43
33.31
33.18
33.06
32.93
32.81
32.75
32.62
32.5
32.37
32.25
32.18
32.06
32
31.87
31.75
31.68
31.56
31.5
31.43
31.37
31.25
31.18
31.12
31
30.93
30.81
30.68
30.62
30.56
30.43
30.37
30.25
30.18
30.06
30
29.93
29.87
29.81
29.75
29.68
29.62
29.56
29.43
29.43
29.37
29.31
29.31
29.25
29.18
29.12
29.06
29
29
28.93
28.87
28.87
28.81
28.81
28.75
28.75
28.68
28.68
28.62
28.62
28.62
28.62
28.62
28.62
28.62
28.62
28.62
28.62
28.62
28.62
28.62
28.62
28.62
28.62
28.62
28.62
28.68
28.68
28.68
28.68
28.75
28.75
28.75
28.81
28.81
28.81
28.87
28.87
28.93
28.93
29
29.06
29.06
29.12
29.18
29.25
29.25
29.31
29.31
29.37
29.37
29.43
29.5
29.5
29.56
29.62
29.68
29.75
29.75
29.81
29.87
29.93
29.93
29.93
30
30
30.06
30.06
30.06
30.12
30.12
30.18
30.18
30.25
30.25
30.31
30.31
30.31
30.37
30.37
30.43
30.43
30.5
30.5
30.56
30.56
30.56
30.56
30.62
30.62
30.62
30.62
30.62
30.62
30.62
30.62
30.62
30.62
30.62
30.62
30.62
30.62
30.62
30.62
30.62
30.62
30.56
30.56
30.62
30.62
30.62
30.62
30.62
30.62
30.62
30.68
30.68
30.68
30.68
30.68
30.68
30.68
30.62
30.62
30.62
30.62
30.56
30.56
30.5
30.5
30.43
30.37
30.37
30.37
30.31
30.31
30.25
30.25
30.18
30.18
30.12
30.12
30.12
30.06
30.06
30.06
30.06
30.06
30
30
30
30
30
30
30
29.93
29.93
29.93
29.93
29.93
29.93
29.93
29.93
29.87
29.87
29.87
29.87
29.81
29.81
29.81
29.81
29.75
29.75
29.75
29.75
29.75
29.68
29.68
29.68
29.68
29.62
29.62
29.62
29.56
29.56
29.56
29.56
29.56
29.56
29.56
29.56
29.56
29.56
29.56
29.56
29.56
29.56
29.56
29.56
29.62
29.62
29.62
29.62
29.62
29.62
29.68
29.68
29.68
29.68
29.68
29.68
29.68
29.75
29.75
29.75
29.75
29.75
29.81
29.81
29.81
29.87
29.81
29.87
29.87
29.87
29.87
29.87
29.87
29.87
29.87
29.87
29.87
29.87
29.87
29.87
29.87
29.93
29.93
29.93
29.93
30
30
30
30
30.06
30.06
30.06
30.06
30.06
30.12
30.12
30.12
30.12
30.12
30.12
30.12
30.12
30.12
30.18
30.12
30.12
30.18
30.18
30.12
30.12
30.12
30.12
30.12
30.12
30.12
30.12
30.12
30.12
30.12
30.12
30.12
30.12
30.12
30.12
30.12
30.12
30.12
30.18
30.18
30.18
30.18
30.12
30.12
30.12
30.12
30.12
30.12
30.12
30.12
30.12
30.12
30.12
30.12
30.12
30.12
30.12
30.12
30.12
30.12
30.12
30.12
30.12
30.12
30.12
30.12
30.12
30.12
30.12
30.12
30.12
30.06
30.06
30.06
30.06
30
30
30
30
30
30
30
29.93
30
30
30
30
29.93
30
30
30
30
30
30
30
30
30.06
30.06
30.06
30.06
30.06
30
30
30
30
30
30.06
30.06
30
30
30
30
30
30
30
30
30
30
30
29.93
29.93
29.93
29.93
29.93
29.93
29.93
29.93
29.93
29.93
29.93
30
29.93
29.93
29.93
29.93
29.93
29.93
29.93
29.93
29.93
29.93
30
30
30
30
30
30
30.06
30.06
30.06
30.06
30.06
30.06
30.06
30.06
30.06
30.06
