31.56
31.56
31.5
31.5
31.5
31.5
31.5
31.5
31.5
31.5
31.5
31.56
31.56
31.62
31.68
31.75
31.81
31.93
32.06
32.18
35.62
32.06
32.06
32
32
31.93
31.93
31.87
31.87
31.87
31.87
31.87
31.87
31.87
31.87
31.87
31.93
32
32.06
32.12
32.18
32.25
32.31
32.43
32.56
32.62
32.75
32.81
32.93
33.06
33.18
33.37
33.5
33.68
33.81
34
32.56
32.56
32.56
32.62
32.62
32.62
32.62
32.68
32.68
32.75
32.75
32.81
32.87
32.87
32.93
33
33.06
33.06
33.18
33.25
33.31
33.43
33.5
33.62
33.68
33.81
33.87
34
34.06
34.18
34.31
34.5
34.62
34.75
34.87
35
35.12
35.31
35.43
35.56
35.75
35.87
36
36.18
36.31
36.43
36.62
36.75
36.93
37.06
37.18
37.31
37.43
37.56
37.68
37.81
37.93
38.06
38.12
38.25
38.31
38.37
38.43
38.43
38.43
38.43
38.43
38.37
38.31
38.25
38.12
38.06
38
37.87
37.81
37.68
37.56
37.43
37.31
37.18
37.06
36.93
36.81
36.68
36.56
36.43
36.31
36.18
36.06
35.87
35.75
35.56
35.43
35.25
35.12
34.93
34.81
34.68
34.5
34.37
34.25
34.06
33.93
33.75
33.62
33.5
33.37
33.25
33.12
33.06
32.93
32.81
32.75
32.62
32.56
32.5
32.43
32.37
32.31
32.25
32.25
32.25
32.18
32.18
32.18
32.18
32.25
32.25
32.31
32.37
32.43
32.5
32.56
32.68
32.81
32.93
33.06
33.18
33.31
33.5
33.62
33.81
34
34.12
34.31
34.5
34.68
34.87
35.12
35.31
35.56
35.81
36
36.18
36.37
36.56
36.75
36.87
37.06
37.18
37.31
37.5
37.62
37.81
37.93
38.06
38.12
38.25
38.37
38.5
38.56
38.68
38.81
38.87
38.93
39
