33.06
33.06
33.06
33.06
33.06
33.06
33.06
33.06
33.06
33.06
33
33
33
33
32.93
32.93
32.93
32.87
32.87
32.87
32.87
32.81
32.81
32.75
32.68
32.68
32.68
32.62
32.62
32.62
32.56
32.56
32.5
32.5
32.43
32.43
32.37
32.37
32.31
32.31
32.31
32.25
32.25
32.18
32.18
32.12
32.12
32.06
32.06
32
32
31.93
31.93
31.93
31.87
31.87
31.81
31.81
31.75
31.75
31.68
31.68
31.62
31.62
31.62
31.62
31.56
31.56
31.56
31.56
31.5
31.5
31.5
31.5
31.43
31.43
31.43
31.37
31.37
31.37
31.31
31.31
31.25
31.25
31.25
31.18
31.18
31.12
31.12
31.12
31.12
31.12
31.12
31.12
31.06
31.06
31.06
31.06
31.06
31.06
31
31
31
31
31
31
30.93
30.93
30.93
30.87
30.87
30.87
30.87
30.87
30.81
30.81
30.81
30.81
30.81
30.75
30.75
30.75
30.75
30.75
30.75
30.75
30.75
30.75
30.75
30.75
30.75
30.68
30.68
30.68
30.68
30.68
30.68
30.62
30.62
30.62
30.62
30.62
30.62
30.62
30.62
30.62
30.56
30.56
30.56
30.56
30.5
30.5
30.5
30.5
30.43
30.43
30.43
30.43
30.43
30.43
30.43
30.37
30.43
30.37
30.43
30.43
30.43
30.37
30.43
30.43
30.43
30.37
30.37
30.37
30.37
30.37
30.37
30.37
30.37
30.37
30.37
30.37
30.37
30.37
30.37
30.37
30.37
30.37
30.37
30.37
30.37
30.37
30.37
30.37
30.31
30.31
30.31
30.37
30.31
30.37
30.31
30.31
30.31
30.31
30.31
30.31
30.31
30.31
30.31
30.31
30.31
30.31
30.31
30.31
30.31
30.31
30.31
30.31
30.31
30.31
30.31
30.31
30.31
30.25
30.25
30.25
30.25
30.25
30.25
30.25
30.25
30.25
30.25
30.25
30.25
30.25
30.25
30.25
30.25
30.25
30.25
30.25
30.25
30.25
30.25
30.25
30.25
30.25
30.25
30.25
30.25
30.25
30.25
30.25
30.25
30.25
30.25
30.25
30.25
30.25
30.25
30.25
30.25
30.25
30.25
30.25
30.25
30.25
30.25
30.25
30.25
30.25
30.25
30.25
30.25
30.25
30.25
30.25
30.25
30.25
30.25
30.25
30.25
30.25
30.25
30.25
30.25
30.25
30.25
30.25
30.25
30.25
30.25
30.25
30.18
30.18
30.18
30.18
30.18
30.18
30.18
30.18
30.18
30.18
30.18
30.18
30.18
30.18
30.18
30.18
30.18
30.18
30.18
30.18
30.18
30.18
30.18
30.18
30.18
30.18
30.18
30.18
30.18
30.18
30.18
30.18
30.18
30.18
30.18
30.18
30.18
30.25
30.25
30.25
30.25
30.25
30.25
30.25
30.25
30.25
30.25
30.25
30.25
30.18
30.18
30.18
30.18
30.18
30.18
30.18
30.18
30.18
30.18
30.18
30.18
30.18
30.12
30.12
30.12
30.12
30.12
30.18
30.18
30.18
30.18
30.18
30.18
30.18
30.25
30.25
30.25
30.25
30.25
30.25
30.18
30.18
30.18
30.18
30.18
30.18
30.18
30.18
30.18
30.18
30.18
30.18
30.18
30.12
30.18
30.18
30.18
30.18
30.18
30.18
30.18
30.18
30.18
30.18
30.18
30.18
30.18
30.18
30.18
30.18
30.18
30.18
30.18
30.25
30.25
30.25
30.25
30.25
30.18
30.18
30.18
30.18
30.18
30.18
30.18
30.18
30.18
30.18
30.18
30.18
30.18
30.18
30.18
30.25
30.25
30.25
30.25
30.25
30.25
30.25
30.25
30.25
30.25
30.25
30.25
30.25
30.25
30.25
30.25
30.25
30.25
30.25
30.25
30.25
30.25
30.25
30.25
30.25
30.25
30.18
30.18
30.18
30.18
30.18
30.18
30.18
30.18
30.18
30.18
30.18
30.18
30.18
30.18
30.18
30.18
30.18
30.18
30.18
30.18
30.18
30.18
30.18
30.18
30.18
30.18
30.18
30.18
30.18
30.18
30.18
30.18
30.18
30.18
30.18
30.18
30.18
30.18
30.25
