45.06
45.06
45.06
45.06
45
45
44.93
44.81
44.75
44.68
44.62
44.56
44.43
44.31
44.12
44
43.93
43.81
43.68
43.62
43.5
43.37
43.25
43.18
43.06
42.93
42.81
42.62
42.5
42.31
42.18
42.06
41.93
41.81
41.75
41.62
41.56
41.43
41.31
41.25
41.12
40.93
40.81
40.68
40.56
40.5
40.37
40.25
40.18
40.06
40
39.87
39.81
39.68
39.56
39.43
39.37
39.25
39.18
39.12
39.06
38.93
38.87
38.81
38.68
38.62
38.56
38.5
38.43
38.37
38.31
38.25
38.18
38.12
38.06
38
37.93
37.87
37.87
37.81
37.75
37.68
37.62
37.56
37.5
37.43
37.37
37.31
37.25
37.18
37.06
37
36.93
36.87
36.81
36.75
36.68
36.68
36.62
36.62
36.56
36.5
36.5
36.43
36.37
36.37
36.31
36.25
36.25
36.18
36.12
36.12
36.06
36.06
36
36
35.93
35.87
35.87
35.81
35.75
35.75
35.68
35.68
35.62
35.56
35.56
35.5
35.5
35.43
35.43
35.43
35.37
35.37
35.37
35.31
35.25
35.25
35.18
35.18
35.12
35.12
35.06
35.06
35
35
35
34.93
34.93
34.93
34.87
34.87
34.87
34.87
34.81
34.81
34.81
34.81
34.75
34.75
34.75
34.68
34.68
34.68
34.62
34.62
34.62
34.56
34.56
34.56
34.56
34.5
34.5
34.5
34.5
34.43
34.43
34.37
34.37
34.37
34.37
34.37
34.31
34.31
34.31
34.25
34.25
34.18
34.18
34.18
34.18
34.18
34.18
34.18
34.18
34.18
34.18
34.18
34.18
34.18
34.12
34.12
34.12
34.12
34.12
34.12
34.06
34.06
34.06
34.06
34
34.06
34
34
34
34
34
33.93
33.93
33.93
33.87
33.87
33.87
33.87
33.87
33.81
33.81
33.81
33.81
33.81
33.87
33.87
33.87
33.81
33.81
33.81
33.75
33.75
33.68
33.68
33.62
33.62
33.62
33.62
33.56
33.56
33.56
33.56
33.5
33.5
33.5
33.5
33.5
33.5
33.5
33.43
33.43
33.43
33.43
33.43
33.43
33.43
33.5
33.5
33.5
33.5
33.5
33.5
33.43
33.43
33.43
33.37
33.37
33.37
33.37
33.37
33.37
33.37
33.37
33.37
33.37
33.37
33.37
33.37
33.37
33.37
33.37
33.37
33.37
33.37
33.31
33.31
33.31
33.25
33.25
33.31
33.31
33.31
33.31
33.31
33.31
33.31
33.31
33.31
33.31
33.31
33.31
33.25
33.25
33.25
33.18
33.18
33.18
33.18
33.18
33.12
33.18
33.18
33.18
33.18
33.12
33.12
33.12
33.06
33.06
33.06
33.06
33.06
33.06
33.06
33.06
33.06
33.06
33.12
33.12
33.06
33.06
33.06
33
33
33
33
33
33
33
33
33
33
32.93
33
33
33
33
33
33
33
33
33
33
33
33
32.93
32.93
32.93
32.93
32.87
32.87
32.87
32.87
32.87
32.87
32.87
32.87
32.87
32.93
32.93
32.93
32.93
32.93
32.93
32.93
32.93
32.87
32.87
32.87
32.87
32.87
32.87
32.87
32.81
32.81
32.81
32.81
32.75
32.81
32.75
32.75
32.75
32.75
32.75
32.75
32.81
32.81
32.81
32.81
32.81
32.81
32.81
32.75
32.75
32.75
32.75
32.81
32.81
32.81
32.75
32.81
32.75
32.81
32.81
32.81
32.81
32.81
32.81
32.81
32.81
32.87
32.81
32.87
32.87
32.87
32.87
32.87
32.87
32.87
32.81
32.81
32.81
32.75
32.75
32.75
32.75
32.75
32.75
32.81
32.81
32.81
32.81
32.75
32.75
32.75
32.75
32.75
32.75
32.75
32.75
32.75
32.81
32.81
32.81
32.81
32.81
32.81
32.87
32.81
32.81
32.81
32.81
32.81
32.81
32.81
32.75
32.75
32.75
32.75
32.68
32.68
32.68
32.68
32.68
32.68
32.68
32.68
32.68
32.68
32.75
32.75
32.75
32.75
32.75
32.68
32.68
32.75
32.68
32.68
32.75
32.75
32.75
32.68
32.68
32.68
32.68
32.68
32.68
32.68
32.68
32.68
32.62
32.62
32.62
32.62
32.56
32.56
32.56
32.56
32.56
32.62
32.62
32.62
32.62
32.62
32.62
32.62
32.62
32.62
32.62
32.62
32.62
32.62
32.62
32.68
32.68
32.68
32.68
32.68
32.75
32.75
32.75
32.75
32.75
32.75
32.81
32.81
32.81
32.81
32.81
32.81
32.81
32.81
32.81
32.81
32.75
32.75
32.75
32.75
32.75
32.75
32.68
32.68
32.68
32.68
32.62
32.62
32.62
32.62
32.62
32.62
32.62
32.68
32.68
32.68
32.68
32.68
32.68
32.62
32.62
32.62
32.62
32.62
32.62
32.62
32.62
32.62
32.62
32.62
32.62
32.62
32.62
32.56
32.56
32.56
32.56
32.56
32.56
32.56
32.56
32.56
32.56
32.56
32.56
32.56
32.56
32.56
32.56
32.56
32.5
32.5
32.5
32.5
32.5
32.43
32.43
32.43
32.43
32.43
32.43
32.43
32.43
32.37
32.37
32.37
32.43
32.37
32.37
32.37
32.37
32.37
32.37
32.43
32.43
32.43
32.43
32.5
32.5
32.5
32.5
32.56
32.5
32.56
32.56
32.56
32.56
32.56
32.56
32.56
32.56
32.56
32.56
32.56
32.56
32.56
32.56
32.56
32.56
32.56
32.56
32.62
32.62
32.62
32.62
32.62
32.62
32.62
32.68
32.68
32.68
32.68
32.68
32.68
32.75
32.75
32.75
32.75
32.75
32.75
32.75
32.75
32.75
32.75
32.75
32.75
32.75
32.68
32.68
32.68
32.68
32.68
32.68
32.62
32.68
32.68
32.68
32.68
32.68
32.68
32.68
32.68
32.75
32.75
32.75
32.75
32.75
32.75
32.75
32.75
32.75
32.75
32.75
32.81
32.81
32.81
32.81
32.81
32.81
32.81
32.81
32.75
32.75
32.75
32.75
32.75
32.75
32.75
32.75
32.75
32.75
32.75
32.75
32.75
32.75
32.75
32.75
32.75
32.75
32.75
32.75
32.75
32.75
32.75
32.75
32.75
32.75
32.81
32.81
32.81
32.81
32.81
32.81
32.81
32.81
32.75
32.75
32.75
32.75
32.68
32.68
32.62
32.62
32.62
32.56
32.56
32.56
32.56
32.56
32.56
32.5
32.5
32.5
32.5
32.5
32.56
32.56
32.56
32.56
32.56
32.5
32.5
32.5
