31.87
31.87
32.37
32.43
32.5
32.5
32.56
32.62
32.62
32.62
32.68
32.68
32.68
32.75
32.75
32.81
32.87
32.93
33
33.06
33.12
33.18
33.25
33.31
33.37
33.43
33.5
33.62
33.68
33.75
33.87
33.93
34
34.12
34.18
34.25
34.31
34.37
34.43
34.5
34.56
34.62
34.68
34.75
34.81
34.87
34.87
34.87
34.93
34.93
34.93
35
35
35
35
35
34.93
34.93
34.93
35
35
35
35
34.93
34.93
34.93
35
35
34.93
35
35
35
35
35
35
34.93
34.93
34.93
34.87
34.87
34.87
34.81
34.75
34.75
34.75
34.75
34.75
34.75
34.75
34.75
34.75
34.75
34.75
34.81
34.81
34.87
34.87
34.87
34.87
34.93
34.93
34.93
34.93
34.93
34.93
35
35
35
35
34.93
34.93
34.93
34.93
35
35
35
35
34.93
34.93
34.93
34.93
34.93
34.87
34.87
34.87
34.87
34.81
34.81
34.75
34.75
34.75
34.75
34.75
34.75
34.75
34.81
34.81
34.81
34.81
34.87
34.81
34.81
34.87
34.87
34.87
34.87
34.87
34.87
34.87
34.87
34.87
34.87
34.87
34.87
34.87
34.87
34.87
34.87
34.87
34.87
34.93
34.93
34.93
34.93
34.93
34.93
34.93
34.93
34.93
35
34.93
34.93
34.93
34.93
34.93
34.87
34.93
34.87
34.93
34.93
34.93
34.93
34.93
34.93
34.87
34.87
34.87
34.87
34.87
34.87
34.87
34.87
34.81
34.81
34.81
34.81
34.81
34.81
34.81
34.87
34.87
34.87
34.93
34.93
35
35
35
35.06
35.06
35.06
35.06
35.06
35.06
35.12
35.12
35.12
35.12
35.12
35.18
35.18
35.12
35.12
35.12
35.12
35.12
35.06
35.06
35.06
35.06
35.06
35.06
35.06
35
35
35
35
34.93
34.93
34.93
34.93
34.93
34.93
34.93
34.87
34.87
34.87
34.81
34.81
34.81
34.81
34.81
34.81
34.81
34.81
34.81
34.81
34.81
34.75
34.75
34.75
34.75
34.75
34.75
34.81
34.81
34.81
34.87
34.87
34.93
34.93
35
35.06
35.06
35.12
35.18
35.18
35.25
35.25
35.25
35.25
35.31
35.31
35.31
35.31
35.31
35.31
35.37
35.37
35.43
35.43
35.43
35.5
35.5
35.5
35.5
35.5
35.56
35.56
35.5
35.5
35.5
35.43
35.43
35.43
35.37
35.37
35.37
35.37
35.31
35.31
35.25
35.25
35.18
35.12
35.06
35.06
35
35
34.93
34.93
34.87
34.87
34.81
34.81
34.81
34.75
34.75
34.75
34.75
34.75
34.75
34.68
34.75
34.75
34.68
34.75
34.75
34.75
34.81
34.81
34.81
34.81
34.87
34.87
34.87
34.93
34.93
35
35
35
35.06
35.06
35.06
35.12
35.12
35.12
35.12
35.12
35.12
35.12
35.12
35.12
35.12
35.06
35.06
35
35
34.93
34.93
34.87
34.87
34.87
34.87
34.81
34.81
34.81
34.81
34.75
34.75
34.75
34.75
34.75
34.75
34.75
34.75
34.81
34.81
34.81
34.81
34.81
34.81
34.81
34.81
34.81
34.81
34.81
34.81
34.81
34.81
34.81
34.87
34.87
34.87
34.87
34.87
34.87
34.87
34.87
34.87
34.93
34.93
34.93
34.93
34.87
34.87
34.93
34.93
34.93
34.93
34.93
34.93
34.93
34.93
34.93
34.93
34.93
34.93
34.87
34.93
34.93
34.93
34.93
34.93
35
35
35
35.06
35.06
35.06
35.06
35.06
35.06
35.06
35.06
35.06
35.12
35.12
35.12
35.12
35.12
35.12
35.12
35.12
35.12
35.12
35.06
35.06
35.06
35.06
35.06
35.06
35.12
35.12
35.06
35.06
35.06
35.06
35.06
35.06
35.06
35.06
35.12
35.12
35.12
35.18
35.18
35.18
35.18
35.18
35.18
35.18
35.18
35.18
35.18
35.18
35.18
35.18
35.18
35.18
35.18
35.18
35.12
35.12
35.12
35.12
35.12
35.12
35.12
35.18
35.12
35.12
35.18
35.18
35.12
35.12
35.12
35.12
35.06
35.06
35.06
35.06
35.06
35
35
35
34.93
34.87
34.81
34.75
34.62
34.5
34.43
34.31
34.25
34.12
34.06
33.93
33.81
33.75
33.62
33.5
33.37
33.25
33.12
33
32.87
32.75
32.62
32.5
32.37
32.25
32.18
32.06
31.93
31.81
31.75
31.62
31.5
31.43
31.31
31.25
31.12
31.06
31
30.87
30.81
30.75
30.68
30.62
30.56
30.5
30.5
30.43
30.43
30.37
30.37
30.31
30.31
30.31
30.31
30.25
30.25
30.25
30.18
30.18
30.18
30.18
30.18
30.18
30.18
30.18
30.18
30.18
30.18
30.18
30.18
30.18
30.18
30.12
30.18
30.12
30.12
30.12
30.12
30.12
30.18
30.12
30.18
30.12
30.12
30.12
30.18
30.12
30.12
30.12
30.12
30.12
30.12
30.06
30.06
30.06
30.06
30.06
30
30
30
30
30
30
30
30
30
30
30
30.06
30.06
30.06
30.06
30.12
30.12
30.12
30.12
30.12
30.12
30.12
30.12
30.12
30.18
30.18
30.18
30.18
30.18
30.18
30.18
30.25
30.25
30.25
30.25
30.25
30.25
30.25
30.25
30.25
30.25
30.18
30.18
30.18
30.12
30.12
30.12
30.06
30
30
29.93
29.93
29.87
29.87
29.87
29.81
29.81
29.81
29.81
29.75
29.75
29.75
29.75
29.75
29.75
29.75
29.75
29.75
29.75
29.75
29.75
29.75
29.81
29.81
29.81
29.81
29.81
29.81
29.75
29.81
29.75
29.75
29.81
29.81
29.81
29.81
29.81
29.81
29.81
29.81
29.87
29.87
29.87
29.87
29.87
29.93
29.93
29.93
29.93
29.93
29.93
30
30
30
30
30
29.93
29.93
29.93
29.93
29.93
29.93
29.93
29.93
29.93
29.93
29.93
29.93
29.93
29.93
30
30
30
30
30
30.06
30.06
30.06
30.06
30.06
30.06
30.06
30.12
30.12
30.18
30.18
30.18
30.25
30.25
30.25
30.25
30.25
30.31
30.31
30.31
30.31
30.25
30.31
30.25
30.25
30.25
30.25
30.18
30.18
30.18
30.18
30.18
30.12
30.12
30.12
30.12
30.12
30.06
30.12
30.06
30.06
30.06
30.06
30
30
30
29.93
29.93
29.87
29.87
29.87
29.87
29.87
29.81
29.81
29.81
29.81
29.81
29.81
29.81
29.81
29.81
29.81
29.81
29.81
29.81
29.81
29.81
29.81
29.81
29.81
29.81
29.87
29.87
29.87
29.93
29.93
29.93
30
30
30.06
30.06
30.06
30.12
30.12
30.12
30.12
30.12
30.18
30.18
30.18
30.18
30.18
30.18
30.18
30.18
30.18
30.18
30.18
30.18
30.18
30.18
30.18
30.18
30.18
30.18
30.12
30.12
30.12
30.12
30.12
30.12
30.06
30.06
30.06
30.06
30.06
30.06
30.06
30.06
30.06
30.06
30.06
30.12
30.12
30.12
30.12
30.12
30.12
30.12
30.18
30.18
30.25
30.25
30.25
30.25
30.25
30.25
30.25
30.25
30.25
30.18
30.18
30.18
30.18
30.18
30.12
30.12
30.12
30.12
30.12
30.12
30.12
30.12
30.12
30.12
30.12
30.12
30.12
30.12
30.12
30.06
30.06
30.06
30
30
30
29.93
29.93
29.87
29.87
29.87
29.87
29.81
29.81
29.81
29.81
29.81
29.81
29.75
29.75
29.75
29.75
29.75
29.75
29.75
29.75
29.75
29.75
29.81
29.81
29.81
29.81
29.81
29.81
29.81
29.81
29.81
29.81
29.87
29.87
29.87
29.93
29.87
29.93
29.93
29.93
29.93
29.93
29.93
29.93
29.93
29.93
29.93
29.93
29.93
29.93
29.93
30
30
30
30
29.93
