32.62
32.62
32.56
32.56
32.5
32.5
32.5
32.5
32.5
32.5
32.5
32.5
32.5
32.5
32.43
32.43
32.43
32.43
32.43
32.43
32.43
32.37
32.37
32.37
32.37
32.37
32.37
32.31
32.31
32.31
32.31
32.31
32.31
32.31
32.31
32.31
32.31
32.31
32.31
32.31
32.31
32.31
32.31
32.31
32.31
32.25
32.25
32.25
32.18
32.18
32.18
32.18
32.12
32.12
32.12
32.06
32.06
32
32
32
32
32
32
32
32
32
32
32.06
32.06
32.06
32.06
32.06
32.06
32.12
32.12
32.12
32.12
32.12
32.12
32.12
32.12
32.12
32.12
32.12
32.18
32.18
32.18
32.18
32.18
32.18
32.18
32.18
32.18
32.18
32.18
32.12
32.12
32.12
32.12
32.12
32.12
32.06
32.06
32.06
32.06
32.06
32.06
32.06
32.06
32.06
32.06
32.12
32.12
32.12
32.12
32.12
32.12
32.12
32.12
32.12
32.12
32.12
32.12
32.12
32.06
32.12
32.12
32.12
32.12
32.12
32.12
32.06
32.12
32.06
32.06
32.06
32.06
32.06
32.06
32.06
32.06
32.06
32.06
32.06
32.06
32.06
32.06
32.06
32.06
32.06
32
32
32
32
32
32
32
32
32
32
32
32
32
32
32
32
32
32
32
31.93
31.93
31.93
31.93
31.93
31.93
31.93
31.93
31.93
31.87
31.87
31.87
31.87
31.87
31.87
31.93
31.93
31.93
32
31.93
32
32
32
32
32
32
32
32
32
32
32
32
32
32
32
32
32
32
32
31.93
31.93
31.93
31.93
31.93
31.93
31.93
31.93
31.93
31.93
31.93
32
32
32
32
32
32.06
32.06
32.06
32.06
32.06
32.06
32.06
32.12
32.12
32.12
32.12
32.12
32.12
32.12
32.12
32.18
32.18
32.18
32.18
32.18
32.18
32.18
32.18
32.18
32.18
32.18
32.18
32.18
32.18
32.18
32.18
32.18
32.12
32.12
32.12
32.12
32.12
32.12
32.12
32.12
32.12
32.12
32.12
32.12
32.12
32.12
32.12
32.12
32.12
32.12
32.06
32.06
32.06
32
32
32
32
31.93
31.93
31.87
31.87
31.87
31.81
31.81
31.81
31.81
31.75
31.75
31.75
31.75
31.75
31.75
31.75
31.81
31.81
31.81
31.81
31.81
31.87
31.87
31.81
31.87
31.87
31.87
31.87
31.93
31.93
32
32
32.06
32.12
32.25
32.31
32.37
32.5
32.62
32.75
32.87
33
33.12
33.25
33.37
33.56
33.68
33.81
34
34.18
34.37
34.56
34.75
34.87
35.06
35.18
35.31
35.5
35.62
35.81
35.93
36.12
36.25
36.43
36.5
36.62
36.75
36.87
36.93
37.06
37.12
37.25
37.25
37.31
37.37
37.43
37.5
37.56
37.56
37.62
37.68
37.68
37.68
37.68
37.68
37.68
37.68
37.68
37.62
37.62
37.62
37.56
37.56
37.56
37.5
37.5
37.43
37.43
37.37
37.31
37.31
37.25
37.25
37.18
37.18
37.12
37.12
37.06
37.06
37.06
37.06
37.06
37.06
37.06
37.06
37
37
37
36.93
36.93
36.93
36.93
36.93
36.93
37
37
37
37
37
37
37.06
37.06
37.12
37.12
37.12
37.12
37.18
37.18
37.18
37.18
37.18
37.25
37.25
37.25
37.18
37.18
37.12
37.06
37
37
36.93
36.87
36.87
36.81
36.75
36.75
36.75
36.68
36.68
36.62
36.56
36.56
36.56
36.5
36.5
36.5
36.5
36.5
36.5
36.56
36.56
36.56
36.62
36.68
36.68
36.75
36.81
36.81
36.87
36.93
37
37.06
37.12
37.18
37.25
37.31
37.37
37.37
37.43
37.5
37.5
37.56
37.62
37.62
37.68
37.68
37.68
37.75
37.75
37.75
37.75
37.75
37.75
37.75
37.68
37.68
37.62
37.62
37.56
37.56
37.5
37.43
37.43
37.37
37.37
37.31
37.31
37.31
37.25
37.25
37.25
37.25
37.18
37.18
37.18
37.18
37.25
37.25
37.25
37.25
37.18
37.18
37.18
37.18
37.18
37.18
37.25
37.18
37.18
37.18
37.18
37.12
37.12
37.12
37.06
37.06
37.06
37
37
37
37
37
37
37
37
37
37
37
37
36.93
36.93
36.93
36.87
36.87
36.87
36.81
36.75
36.75
36.75
36.68
36.68
36.68
36.62
36.62
36.62
36.62
36.62
36.62
36.56
36.56
36.56
36.62
36.62
36.62
36.68
36.68
36.68
36.75
36.75
36.75
36.75
36.75
36.81
36.81
36.87
36.93
36.93
37
37
37.06
37.12
37.18
37.25
37.31
37.31
37.37
37.37
37.43
37.5
37.56
37.62
37.62
37.68
37.68
37.75
37.81
37.81
37.81
37.81
37.81
37.81
37.75
37.75
37.75
37.75
37.75
37.75
37.75
37.75
37.75
37.68
37.68
37.75
37.75
37.81
37.87
37.93
38
38.12
38.25
38.37
38.43
38.56
38.62
38.75
38.87
39
39.12
39.25
39.43
39.56
39.75
39.93
40.12
40.31
40.43
40.56
40.75
40.93
41.12
41.25
41.43
41.62
41.75
41.93
42.12
42.25
42.43
42.56
42.68
42.87
43.06
43.25
43.43
43.56
43.75
43.81
44
44.06
44.18
44.31
44.37
44.5
44.56
44.62
44.68
44.75
44.81
44.93
45
45.12
45.18
45.31
45.37
45.43
45.43
45.5
45.56
45.62
45.68
45.68
45.75
45.81
45.81
45.87
45.93
46
46.06
46.12
46.18
46.18
46.25
46.25
46.31
46.37
46.43
46.5
46.62
46.68
46.75
46.75
46.81
46.81
46.81
46.81
46.81
46.81
46.81
46.81
46.87
46.87
46.87
46.93
47
47.06
47.12
47.12
47.18
47.18
47.18
47.18
47.18
47.18
47.18
47.18
47.18
47.18
47.18
47.18
47.25
47.25
47.18
47.18
47.18
47.12
47.12
47.06
47.06
47
46.93
46.93
46.93
46.93
46.87
46.87
46.87
46.87
46.87
46.81
46.87
46.87
46.87
46.93
46.93
46.93
46.93
46.93
46.93
47
47
47.06
47.06
47.06
47.06
47.12
47.12
47.18
47.18
47.18
47.25
47.25
47.25
47.31
47.37
47.37
47.37
47.37
47.43
47.43
47.43
47.43
47.43
47.43
47.43
47.43
47.43
47.37
47.37
47.31
47.31
47.25
47.25
47.18
47.18
47.18
47.18
47.18
47.18
47.18
47.18
47.18
47.18
47.18
47.18
47.25
47.25
47.25
47.31
47.31
47.37
47.43
47.43
47.5
47.56
47.56
47.62
47.62
47.68
47.68
47.75
47.75
47.81
47.81
47.81
47.81
47.81
47.81
47.81
47.75
47.75
47.75
47.68
47.68
47.62
47.62
47.62
47.56
47.56
47.5
47.5
47.5
47.43
47.43
47.37
47.37
47.37
47.31
47.31
47.25
47.25
47.18
47.12
47.12
47.12
47.12
47.12
47.06
47.06
47
47
46.93
46.93
46.87
46.87
46.81
46.81
46.81
46.81
46.75
46.75
46.81
46.81
46.81
46.81
46.81
46.87
46.87
46.87
46.87
46.93
46.93
46.93
47
47
47.06
47.06
47.12
47.12
47.12
47.12
47.18
47.18
47.18
47.25
47.25
47.25
47.31
47.31
47.37
47.37
47.43
47.43
47.43
47.5
47.5
47.5
47.43
47.43
47.43
47.37
47.31
47.25
47.18
47.12
46.93
46.81
46.62
46.43
46.31
46.12
45.93
45.75
45.56
45.37
45.18
44.93
44.68
44.43
44.18
43.93
43.68
43.43
43.18
42.87
42.62
42.37
42.06
41.81
41.56
41.31
41.06
40.81
40.56
40.31
40.06
39.87
39.62
39.37
39.18
39
38.75
38.56
38.31
38.06
37.87
37.62
37.43
37.25
37
36.81
36.62
36.43
36.25
36.06
35.87
35.68
35.5
35.31
35.12
34.93
34.75
34.56
34.37
34.25
34.12
33.93
33.81
33.68
33.56
33.37
33.31
33.18
33.06
32.93
32.87
32.75
32.68
32.56
32.5
32.43
32.37
32.31
32.25
32.18
32.12
32.06
32.06
32
32
32
32
32
32
32
32
32.06
32.06
32.12
32.12
32.18
32.18
32.25
32.25
32.31
32.31
32.37
32.37
32.43
32.5
32.5
32.56
32.56
32.62
32.68
32.68
32.75
32.81
32.81
32.87
32.93
33
33
33
33.06
33.12
33.12
33.18
33.25
33.25
33.31
33.31
33.37
33.37
33.37
33.31
33.31
33.31
33.31
33.31
33.25
33.18
33.18
33.12
33.06
33
32.93
32.87
32.81
32.75
32.68
32.62
32.56
32.43
32.37
32.31
32.25
32.25
32.18
32.12
32.06
32.06
32
31.93
31.93
31.87
31.87
31.87
31.81
31.81
31.81
31.81
31.81
31.75
31.75
31.75
31.75
31.75
31.68
31.68
31.68
31.68
31.68
31.68
31.68
31.68
31.62
31.62
31.62
31.56
31.56
31.5
31.5
31.5
31.43
31.37
31.37
31.31
31.31
31.31
31.25
31.25
31.25
31.25
31.18
31.18
31.18
31.18
31.18
31.18
31.25
31.25
31.25
31.31
31.31
31.37
31.37
31.43
31.5
31.56
31.56
31.62
31.75
31.81
31.87
31.93
32
32.06
32.12
32.18
32.31
32.37
32.43
32.5
32.56
32.62
32.68
32.68
32.75
32.75
32.81
32.81
32.87
32.87
32.87
32.93
32.93
32.93
32.93
32.93
32.93
32.93
32.93
32.93
32.87
32.87
32.87
32.81
32.81
32.75
32.75
32.68
32.62
32.56
32.56
32.5
32.43
32.43
32.37
32.31
32.25
32.18
32.18
32.12
32.06
32
31.93
31.87
31.81
31.68
31.68
31.62
31.56
31.5
31.43
31.43
31.37
31.37
31.31
31.31
31.25
