28.938
31.619
34.047
36.229
38.29
39.992
41.591
42.969
44.137
45.107
45.891
46.501
47.05
47.439
47.681
47.787
47.786
47.687
47.512
47.168
46.786
46.263
45.731
45.204
44.696
44.115
43.578
43.111
42.612
42.091
41.658
41.195
40.739
40.277
39.817
39.476
39.13
38.797
38.489
38.205
38.041
37.865
37.692
37.517
37.439
37.344
37.328
37.245
37.216
37.133
36.996
36.807
36.553
36.356
36.11
35.82
35.588
35.311
35.078
34.887
34.736
34.624
34.553
34.405
34.306
34.254
34.235
34.151
34.112
34.12
34.158
34.228
34.316
34.426
34.543
34.657
34.773
34.894
35.023
35.147
35.275
35.409
35.448
35.491
35.54
35.5
35.482
35.367
35.269
35.191
35.136
35.207
35.265
35.314
35.343
35.359
35.369
35.363
35.349
35.319
35.148
34.971
34.783
34.576
34.366
34.145
33.908
33.657
33.393
33.114
32.823
32.537
32.273
32.03
31.704
31.419
31.172
30.974
30.819
30.702
30.734
30.799
30.909
31.055
31.229
31.438
31.807
32.195
32.607
33.032
33.358
33.697
34.049
34.417
34.783
35.134
35.473
35.703
35.922
36.134
36.326
36.505
36.663
36.792
36.884
37.052
37.181
37.268
37.429
37.534
37.582
37.575
37.518
37.412
37.262
36.958
36.632
36.292
35.943
35.59
35.241
34.9
34.47
34.066
33.693
33.354
33.052
32.687
32.371
32.103
31.899
31.853
31.868
31.936
32.063
32.137
32.244
32.494
32.663
32.953
33.245
33.636
34.005
34.479
34.924
35.335
35.707
36.137
36.529
36.88
37.099
37.289
37.444
37.56
37.635
37.551
37.436
37.292
37.02
36.73
36.425
36.095
35.645
35.193
34.726
34.254
33.787
33.232
32.706
32.216
31.669
31.189
30.777
30.314
29.927
29.609
29.359
29.168
29.034
28.949
28.907
28.904
28.933
28.988
29.161
29.336
29.505
29.783
30.038
30.365
30.669
31.044
31.496
31.908
32.279
32.721
33.122
33.476
33.884
34.352
34.766
35.124
35.528
35.87
36.271
36.604
36.874
37.085
37.242
37.353
37.425
37.476
37.511
37.414
37.335
37.272
37.227
37.097
36.982
36.884
36.804
36.646
36.619
36.615
36.649
36.718
36.804
36.905
37.022
37.147
37.278
37.308
37.341
37.357
37.271
37.067
36.772
36.49
36.12
35.767
35.33
34.919
34.529
34.16
33.808
33.471
33.148
32.838
32.538
32.129
31.859
31.482
31.245
31.021
30.831
30.673
30.547
30.437
30.349
30.284
30.248
30.241
30.263
30.313
30.38
30.465
30.568
30.688
30.826
31
31.202
31.428
31.772
32.122
32.467
32.803
33.127
33.432
33.7
33.928
34.017
34.071
34.096
34.088
34.061
34.115
34.152
34.166
34.17
34.159
34.128
34.074
33.98
33.849
33.784
33.677
33.534
33.356
33.147
32.909
32.648
32.368
32.075
31.775
31.474
31.189
30.824
30.49
30.19
29.928
29.704
29.438
29.238
29.103
29.033
29.027
29.08
29.289
29.535
29.817
30.127
30.558
30.976
31.497
31.986
32.558
33.085
33.681
34.234
34.738
35.292
35.786
36.216
36.563
36.948
37.263
37.506
37.8
37.899
38.054
38.16
38.22
38.221
38.171
38.075
37.94
37.772
37.461
37.139
36.814
36.407
36.03
35.669
35.432
35.212
35.013
34.837
34.691
34.574
34.491
34.45
34.452
34.394
34.381
34.41
34.473
34.564
34.582
34.623
34.688
34.669
34.672
34.578
34.509
34.462
34.332
34.227
34.14
34.068
34.007
33.961
33.924
33.894
33.871
33.851
33.836
33.824
33.815
33.807
33.804
33.801
33.796
33.791
33.785
33.782
33.68
33.69
33.701
33.714
33.726
33.737
33.748
33.757
33.766
33.773
33.778
33.781
33.783
33.785
33.683
33.588
33.399
33.222
33.058
32.908
32.653
32.536
32.429
32.328
32.114
31.915
31.725
31.446
31.18
30.825
30.492
30.179
29.883
29.604
29.342
29.201
29.074
28.96
28.963
29.093
29.222
29.451
29.669
29.882
30.088
30.189
30.295
30.508
30.717
30.921
31.219
31.504
31.774
32.028
32.267
32.489
32.696
32.891
33.076
33.252
33.422
33.587
33.846
34.088
34.433
26.356
19.088
12.505
6.6896
1.5063
0
0
0
0
0
0
0
0
0
0
0
0
0
0
0
0
0
0
0
0
0
0
0
0
0
0
0
0
0
0.089361
0.18508
0.40688
0.74092
1.1485
1.5041
1.9469
2.4642
3.0743
3.6655
4.3429
5.1163
5.9619
6.9309
7.8876
8.9379
9.9504
11.023
12.036
13.056
13.98
14.824
15.673
16.414
17.217
17.953
18.617
19.225
19.753
20.189
20.533
20.807
21.041
21.131
21.188
21.108
21.038
20.858
20.739
20.549
20.334
20.12
19.895
19.643
19.36
19.177
18.952
18.682
18.374
18.078
17.774
17.451
17.123
16.788
16.482
16.195
15.924
15.712
15.588
15.529
15.455
15.46
15.511
15.615
15.74
15.908
16.132
16.396
16.709
16.969
17.258
17.578
17.84
18.161
18.528
18.954
19.434
19.814
20.149
20.445
20.708
20.9
21.048
21.037
20.999
20.94
20.838
20.708
20.525
20.191
19.843
19.466
19.035
18.589
18.105
17.603
16.966
16.35
15.735
15.216
14.613
14.074
13.573
13.086
12.649
12.234
11.952
11.67
11.423
11.224
11.089
10.98
10.911
11.003
11.127
11.376
11.653
11.962
12.291
12.641
12.997
13.351
13.801
14.232
14.636
15.014
15.364
15.679
16.061
16.4
16.695
16.939
17.132
17.278
17.499
17.672
17.762
17.885
17.907
17.951
17.882
17.747
17.613
17.563
17.507
17.369
17.267
17.188
17.144
17.104
17.071
17.049
17.043
17.052
16.945
16.841
16.701
16.637
16.554
16.478
16.419
16.289
16.202
16.149
16.022
15.925
15.859
15.743
15.691
15.695
15.792
15.965
16.18
16.419
16.676
16.925
17.102
17.222
17.297
17.384
17.437
17.487
17.544
17.613
17.676
17.744
17.829
17.931
18.052
18.186
18.346
18.533
18.745
18.978
19.234
19.505
19.87
20.204
20.47
20.679
20.84
20.98
20.948
20.901
20.846
20.736
20.698
20.507
20.303
20.084
19.875
19.679
19.497
19.322
19.154
18.987
18.817
18.6
18.238
17.848
17.393
16.89
16.265
15.64
15.065
14.548
13.989
13.491
13.047
12.641
12.22
11.793
11.41
11.077
10.788
10.566
10.517
10.409
10.349
10.479
10.539
10.735
10.957
11.204
11.455
11.717
12.097
12.483
12.873
13.364
13.849
14.329
14.921
15.495
16.157
16.796
17.412
17.999
18.549
19.16
19.673
20.09
20.512
20.881
21.199
21.599
21.951
22.354
22.681
22.923
23.128
23.393
23.608
23.779
23.909
23.94
23.781
23.559
23.29
22.986
22.575
22.182
21.811
21.467
21.075
20.763
20.523
20.254
20.054
19.907
19.662
19.431
19.178
18.919
18.525
18.137
17.777
17.468
17.143
16.932
16.727
16.625
16.515
16.479
16.398
16.378
16.299
16.181
16.128
16.134
16.089
16.048
16.012
15.979
15.845
15.82
15.814
15.785
15.732
15.656
15.562
15.449
15.336
15.233
15.135
15.142
15.149
15.158
15.318
15.461
15.635
15.832
16.045
16.193
16.296
16.461
16.565
16.616
16.639
16.696
16.731
16.744
16.735
16.806
16.826
16.815
16.836
16.789
16.725
16.746
16.745
16.741
16.857
16.954
17.024
17.172
17.247
17.259
17.365
17.452
17.527
17.605
17.693
17.772
17.839
17.793
17.71
17.602
17.475
17.345
17.215
17.204
17.206
17.121
17.055
17.007
16.976
16.961
16.966
16.989
17.034
17.097
17.183
17.288
17.413
17.556
17.709
17.877
18.049
18.223
18.395
18.559
18.709
18.848
18.969
19.069
19.149
19.208
19.247
19.269
19.271
19.256
19.226
19.184
19.031
18.873
18.714
18.552
18.275
18.008
17.754
17.516
17.198
16.912
16.658
16.436
16.248
16.09
15.961
15.862
15.793
15.755
15.749
15.674
15.741
15.839
15.967
16.123
16.299
16.493
16.698
16.91
17.121
17.331
17.532
17.723
18.002
18.258
18.489
18.695
18.872
19.137
19.368
19.562
19.721
19.849
19.943
20.001
20.028
20.021
19.982
19.913
19.816
19.694
19.548
19.383
19.205
19.016
