0
0
0
0
0
0
0
0
0
0
0
0
0
0
0
0
0
0
0
0
0
0
0
0
0
0
0
0
0
0
0
0
0
0
0
0
0
0
0
0
0
0
0
0
0
0
0
0
0
0
0
0
0.096531
0.34105
0.71185
1.199
1.7804
2.3709
3.0301
3.7667
4.5471
5.3837
6.1676
6.9865
7.8467
8.7277
9.5595
10.41
11.197
11.938
12.705
13.409
14.079
14.699
15.285
15.843
16.383
16.829
17.272
17.631
17.917
18.151
18.421
18.641
18.827
19.054
19.253
19.429
19.586
19.723
19.775
19.825
19.877
19.864
19.876
19.914
19.9
19.92
19.965
20.043
20.151
20.289
20.36
20.465
20.593
20.673
20.702
20.773
20.803
20.882
20.905
20.972
21.076
21.135
21.232
21.359
21.437
21.545
21.601
21.685
21.702
21.747
21.739
21.759
21.793
21.848
21.844
21.863
21.894
21.944
21.931
21.933
21.956
21.91
21.887
21.893
21.926
21.9
21.908
21.862
21.855
21.806
21.797
21.825
21.8
21.819
21.807
21.841
21.842
21.884
21.885
21.926
22.002
22.017
22.067
22.069
22.103
22.081
22.093
22.051
22.043
22.064
22.009
21.973
21.96
21.889
21.837
21.726
21.636
21.563
21.426
21.31
21.21
21.033
20.878
20.741
20.621
20.441
20.284
20.147
19.963
19.805
19.672
19.565
19.406
19.278
19.182
19.115
19.076
19.065
18.989
18.948
18.931
18.945
18.985
19.042
19.117
19.132
19.162
19.208
19.268
19.336
19.485
19.623
19.753
19.96
20.142
20.3
20.43
20.544
20.632
20.699
20.746
20.775
20.792
20.798
20.798
20.87
20.933
20.988
21.028
21.064
21.099
21.134
21.169
21.128
21.089
21.063
21.046
21.042
21.045
21.055
21.07
21.088
21.108
21.128
21.147
21.158
21.167
21.176
21.088
21.009
20.939
20.869
20.806
20.75
20.624
20.518
20.419
20.34
20.265
20.202
20.141
20.092
20.052
20.096
20.138
20.177
20.212
20.241
20.266
20.281
20.289
20.285
20.27
20.241
20.2
20.149
20.086
20.018
19.938
19.847
19.749
19.644
19.539
19.521
19.494
19.46
19.423
19.385
19.348
19.322
19.298
19.275
19.255
19.315
19.373
19.428
19.48
19.536
19.593
19.65
19.711
19.77
19.835
19.908
19.989
20.079
20.177
20.283
26.752
32.49
37.629
42.082
45.909
49.086
51.842
54.141
55.955
57.421
58.579
59.472
60.1
60.567
60.798
60.91
60.892
60.75
60.537
60.283
59.915
59.549
59.132
58.707
58.237
57.76
57.352
56.921
56.481
56.018
55.473
54.944
54.392
53.853
53.293
52.75
52.232
51.702
51.151
50.64
50.126
49.626
49.152
48.718
48.252
47.779
47.321
46.843
46.359
45.851
45.333
44.801
44.243
43.656
43.046
42.471
41.863
41.29
40.687
40.102
39.486
38.889
38.322
37.823
37.321
36.876
36.417
35.995
35.617
35.207
34.825
34.428
34.01
33.659
33.36
33.048
32.803
32.61
32.406
32.26
32.099
31.963
31.842
31.685
31.539
31.358
31.192
31.03
30.884
30.818
30.758
30.788
30.907
31.054
31.286
31.572
31.831
32.07
32.36
32.621
32.907
33.142
33.321
33.497
33.613
33.646
33.622
33.541
33.405
33.264
33.057
32.811
32.532
32.223
31.951
31.668
31.436
31.207
30.995
30.796
30.626
30.476
30.342
30.219
30.123
30.065
30.038
30.034
30.131
30.247
30.391
30.632
30.895
31.222
31.562
31.959
32.339
32.784
33.266
33.735
34.18
34.592
35.039
35.448
35.815
36.136
36.386
36.573
36.677
36.712
36.688
36.63
36.546
36.479
36.38
36.272
36.16
36.015
35.891
35.822
35.797
35.791
35.824
35.908
36.011
36.183
36.356
36.509
36.641
36.754
36.916
37.054
37.168
37.26
37.332
37.331
37.328
37.283
37.253
37.193
37.136
37.081
37.026
36.932
36.854
36.727
36.614
36.511
36.381
36.272
36.179
36.095
36.038
35.999
35.921
35.871
35.837
35.811
35.806
35.811
35.815
35.764
35.704
35.629
35.48
35.301
35.044
34.749
34.42
34.044
33.568
33.056
32.468
31.849
31.212
30.567
29.926
29.316
28.742
28.224
27.778
27.451
27.128
26.86
26.624
26.434
26.29
26.187
26.117
26.057
26.005
25.874
25.757
25.635
25.58
25.536
25.501
25.552
25.701
25.936
26.288
26.73
27.192
27.764
28.424
29.248
30.059
30.891
31.752
32.555
33.396
34.185
35.011
35.795
36.533
37.221
37.859
38.51
39.155
39.729
40.236
40.683
41.057
41.371
41.628
41.836
42.004
42.136
42.238
42.226
42.178
42.103
42.007
41.895
41.716
41.538
41.368
41.151
40.953
40.696
40.453
40.15
39.783
39.367
38.965
38.518
38.097
37.705
37.342
36.935
36.546
36.141
35.706
35.337
34.965
34.598
34.231
33.93
33.684
33.43
42.243
50.33
57.626
64.155
69.968
75.167
79.795
83.892
87.499
90.747
93.595
96.105
98.27
100
100
100
100
100
100
100
100
100
100
100
100
100
100
100
100
100
100
100
100
100
100
100
100
100
100
100
100
100
100
100
100
100
100
100
100
100
100
100
100
100
99.998
99.816
99.511
99.115
98.595
97.958
97.202
96.369
95.46
94.52
93.502
92.499
91.456
90.418
89.422
88.456
87.518
86.598
85.702
84.913
84.168
83.46
82.853
82.297
81.856
81.496
81.167
80.854
80.538
80.253
79.937
79.592
79.251
78.856
78.484
78.08
77.671
77.235
76.806
76.375
75.978
75.557
75.147
74.732
74.296
73.836
73.348
72.825
72.251
71.599
70.917
70.113
69.246
68.277
67.267
66.227
65.164
64.129
63.122
62.19
61.283
60.441
59.611
58.88
58.272
57.775
57.415
57.166
57.009
56.924
56.939
57.025
57.167
57.398
57.661
57.942
58.317
58.723
59.194
59.672
60.089
60.501
60.904
61.294
61.718
62.112
62.516
62.883
63.294
63.734
64.197
64.664
65.129
65.585
65.981
66.367
66.731
67.075
67.434
67.717
67.969
68.195
68.441
68.654
68.879
69.111
69.393
69.639
69.897
70.126
70.245
70.301
70.351
70.329
70.248
70.115
69.941
69.735
69.505
69.249
68.974
68.781
68.612
68.511
68.472
68.525
68.657
68.858
69.116
69.459
69.824
70.25
70.685
71.165
71.679
72.253
72.835
73.401
73.997
74.569
75.156
75.71
76.227
76.738
77.19
77.627
78.002
78.354
78.628
78.866
79.025
79.11
79.077
78.942
78.723
78.431
78.04
77.617
77.127
76.538
75.82
75.042
74.178
73.332
72.509
71.758
71.073
70.5
69.983
69.514
69.054
68.638
68.177
67.722
67.274
66.741
66.175
65.535
64.827
64.007
63.096
62.146
61.208
60.24
59.343
58.504
57.76
57.144
56.635
56.309
56.095
56.068
56.149
56.373
56.665
57.084
57.565
58.093
58.645
59.212
59.823
60.426
61.053
61.699
62.272
62.812
63.324
63.77
64.11
64.353
64.555
64.684
64.803
64.872
64.904
64.953
64.983
65.048
65.113
65.186
65.27
65.413
65.627
65.862
66.158
66.429
66.721
67.032
67.28
67.519
67.701
67.832
67.916
67.958
67.911
67.832
67.682
67.545
67.381
67.195
67.028
66.877
66.703
66.584
66.51
66.469
55.715
45.633
36.307
27.637
19.583
12.147
5.2931
0
0
0
0
0
0
0
0
0
0
0
0
0
0
0
0
0
0
0
0
0
0
0
0
0
0
0
0
0
0
0
0
0
0
0
0
0
0
0
0
0
0
0
0
0
0
0
0
0
0
0
0
0
0
0
0
0
0
0
0
0
0
0.0056705
0.27117
0.72592
1.3469
2.0696
2.8145
3.6526
4.4424
5.2802
6.082
6.845
7.6069
8.3536
9.0877
9.773
10.452
11.061
11.613
12.173
12.756
13.3
13.737
14.04
14.253
14.352
14.451
14.409
14.343
14.303
14.223
14.184
14.221
14.341
14.541
14.915
15.209
15.531
15.854
16.196
16.481
16.878
17.306
17.845
18.448
19.19
20.012
20.986
22.065
23.106
24.104
25.06
26.038
26.951
27.798
28.657
29.355
29.911
30.338
30.655
30.727
30.671
30.438
30.066
29.56
29.047
28.384
27.718
27.036
26.288
25.594
24.855
24.173
23.476
22.825
22.221
21.672
21.283
21.032
20.935
21.034
21.282
21.713
22.193
22.703
23.293
23.825
24.355
24.762
25.056
25.161
25.116
24.876
24.481
23.952
23.255
22.373
21.455
20.531
19.577
18.691
17.883
17.198
16.662
16.179
15.819
15.559
15.377
15.261
15.189
15.151
15.131
15.192
15.314
15.478
15.587
15.714
15.855
15.932
16.022
16.166
16.286
16.474
16.657
16.857
17.009
17.235
17.377
17.468
17.532
17.518
17.463
17.505
17.571
17.754
18.085
18.471
19.01
19.706
20.457
21.326
22.363
23.454
24.668
25.88
27.156
28.387
29.56
30.652
31.694
32.6
33.368
33.927
34.302
34.511
34.575
34.521
34.369
34.051
33.539
32.906
32.264
31.539
30.853
30.201
29.54
28.989
28.463
27.962
27.479
26.928
26.336
25.711
24.993
24.203
23.269
22.314
21.31
20.278
19.313
18.443
17.642
16.852
16.181
15.46
14.774
14.045
13.322
12.636
11.875
11.17
10.524
9.9684
9.4851
8.9976
8.5743
8.2034
7.8784
7.6604
7.4633
7.2823
7.2821
7.3532
7.5565
7.8032
8.1612
8.5403
9.0086
9.4674
9.9644
10.476
11.006
11.54
12.159
12.835
13.622
14.432
15.239
16.032
16.795
17.604
18.394
19.155
19.886
20.582
21.149
21.606
22.057
22.329
22.487
22.551
22.559
