31.75
31.75
31.75
31.75
31.81
31.81
31.87
31.93
32
32
32.06
32.12
32.12
32.18
32.18
32.25
32.25
32.31
32.31
32.37
32.37
32.37
32.43
32.43
32.5
32.5
32.5
32.5
32.5
32.5
32.5
32.56
32.56
32.56
32.62
32.62
32.56
32.56
32.56
32.56
32.56
32.56
32.5
32.5
32.5
32.43
32.5
32.5
32.5
32.5
32.5
32.5
32.5
32.43
32.43
32.5
32.5
32.5
32.56
32.56
32.56
32.56
32.5
32.5
32.43
32.37
32.37
32.31
32.25
32.25
32.18
32.12
32.12
32.06
32
32
31.93
31.93
31.93
31.87
31.87
31.81
31.81
31.81
31.75
31.75
31.75
31.68
31.68
31.68
31.62
31.62
31.62
31.62
31.62
31.56
31.56
31.56
31.56
31.56
31.62
31.62
31.62
31.62
31.62
31.62
31.62
31.62
31.62
31.62
31.62
31.56
31.56
31.56
31.56
31.56
31.56
31.56
31.56
31.62
31.62
31.62
31.62
31.62
31.68
31.62
31.68
31.68
31.68
31.68
31.68
31.68
31.68
31.68
31.68
31.68
31.68
31.68
31.68
31.75
31.75
31.75
31.75
31.81
31.81
31.81
31.81
31.81
31.87
31.93
31.93
32
32
32.06
32.06
32.06
32.12
32.12
32.12
32.18
32.18
32.18
32.25
32.25
32.31
32.31
32.31
32.31
32.31
32.37
32.37
32.37
32.37
32.37
32.37
32.37
32.37
32.37
32.37
32.37
32.37
32.37
32.31
32.31
32.31
32.31
32.31
32.31
32.31
32.31
32.31
32.25
32.25
32.25
32.25
32.25
32.25
32.25
32.25
32.18
32.18
32.18
32.18
32.18
32.12
32.12
32.06
32.06
32.06
32.06
32.06
32
32
32
32
32
32
32
32
32
32
31.93
31.93
31.93
31.93
31.93
31.93
32
32
31.93
31.93
31.93
31.93
31.87
31.87
31.81
31.81
31.81
31.81
31.81
31.75
31.75
31.81
31.81
31.81
31.81
31.81
31.81
31.81
31.81
31.81
31.81
31.81
31.81
31.81
31.81
31.81
31.81
31.81
31.81
31.87
31.87
31.87
31.87
31.87
31.87
31.87
31.87
31.87
31.93
31.93
31.93
31.93
31.93
31.93
32
32
32
32
32
32.06
32.06
32.06
32.06
32.12
32.12
32.12
32.12
32.12
32.12
32.12
32.12
32.12
32.12
32.12
32.12
32.12
32.12
32.18
32.12
32.12
32.12
32.12
32.12
32.12
32.12
32.12
32.12
32.12
32.12
32.12
32.18
32.25
32.25
32.31
32.37
32.43
32.5
32.56
32.62
32.75
32.81
32.87
33
33.12
33.25
33.37
33.5
33.68
33.81
33.93
34.06
34.25
34.37
34.5
34.62
34.75
34.87
35.06
35.18
35.37
35.5
35.68
35.87
36
36.12
36.31
36.43
36.56
36.68
36.87
37
37.18
37.31
37.5
37.62
37.75
37.87
38
38.12
38.25
38.37
38.5
38.62
38.75
38.81
39
39.06
39.18
39.31
39.37
39.43
39.5
39.56
39.62
39.68
39.75
39.81
39.87
39.87
39.93
39.93
40
40
40.06
40.06
40.06
40.06
40.06
40.12
40.12
40.12
40.12
40.12
40.12
40.06
40.06
40
40
39.93
39.93
39.87
39.87
39.81
39.81
39.75
39.68
39.62
39.56
39.5
39.43
39.37
39.25
39.18
39.06
38.93
38.81
38.68
38.56
38.43
38.37
38.25
38.12
38.06
38
37.87
37.81
37.68
37.62
37.5
37.37
37.25
37.12
37
36.93
36.81
36.68
36.62
36.5
36.43
36.37
36.25
36.12
36.06
36
35.87
35.81
35.75
35.68
35.56
35.56
35.5
35.5
35.5
35.5
35.43
35.43
35.43
35.43
35.43
35.37
35.37
35.31
35.31
35.31
35.31
35.31
35.31
35.31
35.31
35.37
35.37
35.37
35.37
35.37
35.37
35.37
35.37
35.43
35.5
35.5
35.56
35.62
35.68
35.75
35.75
35.81
35.81
35.87
35.93
36
36.06
36.12
36.18
36.25
36.31
36.37
36.43
36.5
36.56
36.68
36.75
36.81
36.87
36.93
37
37.06
37.06
37.12
37.18
37.18
37.25
37.31
37.37
37.43
37.5
37.56
37.62
37.68
37.75
37.75
37.81
37.87
37.87
37.93
38
38
38.06
38.06
38.12
38.12
38.12
38.12
38.12
38.12
38.12
38.12
38.06
38.06
38.06
38.06
38.06
38
38
38
37.93
37.93
37.87
37.87
37.81
37.81
37.75
37.75
37.75
37.68
37.68
37.68
37.62
37.62
37.56
37.5
37.5
37.43
37.37
37.31
37.31
37.25
37.25
37.18
37.18
37.18
37.12
37.12
37.06
37.06
37
37
36.93
36.93
36.87
36.87
36.81
36.81
36.75
36.75
36.68
36.68
36.62
36.62
36.56
36.56
36.56
36.5
36.5
36.5
36.5
36.5
36.5
36.43
36.43
36.43
36.37
36.37
36.37
36.37
36.37
36.37
36.37
36.37
36.43
36.43
36.43
36.5
36.5
36.56
36.62
36.68
36.75
36.87
36.93
37.06
37.12
37.25
37.37
37.5
37.62
37.75
37.87
38.06
38.25
38.43
38.62
38.81
39
39.12
39.31
39.5
39.68
39.81
40
40.18
40.37
40.56
40.75
40.93
41.06
41.31
41.5
41.68
41.87
42.06
42.25
42.37
42.56
42.75
42.93
43.06
43.18
43.25
43.37
43.5
43.62
43.68
43.81
43.93
44.06
44.18
44.37
44.43
44.56
44.68
44.81
44.93
45.06
45.18
45.25
45.37
45.5
45.62
45.75
45.81
45.93
46
46.12
46.18
46.25
46.37
46.43
46.56
46.68
46.75
46.87
46.93
47.06
47.18
47.25
47.31
47.37
47.43
47.5
47.56
47.62
47.68
47.75
47.81
47.87
48
48.06
48.12
48.18
48.18
48.18
48.18
48.18
48.12
48.12
48.12
48.12
48.18
48.12
48.18
48.18
48.25
48.25
48.31
48.31
48.31
48.37
48.37
48.37
48.37
48.37
48.37
48.37
48.37
48.37
48.37
48.37
48.37
48.43
48.43
48.5
48.56
48.56
48.56
48.56
48.56
48.5
48.5
48.5
48.5
48.5
48.5
48.5
48.5
48.5
48.43
48.5
48.5
48.5
48.5
48.5
48.56
48.56
48.56
48.56
48.56
48.5
48.5
48.43
48.37
48.37
48.31
48.31
48.31
48.25
48.25
48.18
48.18
48.12
48.06
48.06
48
48
47.93
47.93
47.93
47.93
47.87
47.87
47.87
47.81
47.81
47.75
47.75
47.75
47.68
47.68
47.68
47.68
47.68
47.62
47.62
47.56
47.43
47.43
47.37
47.31
47.31
47.31
47.31
47.31
47.25
47.25
47.25
47.25
47.31
47.25
47.25
47.18
47.12
47.06
47.06
47.06
47
47
46.93
46.87
46.81
46.75
46.75
46.68
46.68
46.68
46.68
46.68
46.68
46.62
46.62
46.68
46.68
46.68
46.62
46.62
46.56
46.5
46.5
46.5
46.43
46.43
46.43
46.37
46.37
46.31
46.31
46.31
46.25
46.25
46.25
46.18
46.18
46.18
46.25
46.25
46.31
46.37
46.37
46.37
46.37
46.37
46.37
46.37
46.37
46.31
46.31
46.31
46.37
46.37
46.37
46.37
46.31
46.37
46.37
46.31
46.37
46.31
46.37
46.37
46.43
46.43
46.5
46.5
46.5
46.5
46.56
46.56
46.56
46.56
46.56
46.56
46.56
46.56
46.56
46.56
46.56
46.56
46.56
46.56
46.56
46.56
46.56
46.62
46.62
46.68
46.75
46.75
46.75
46.68
46.62
46.62
46.56
46.56
46.5
46.43
46.37
46.25
46.12
46
45.87
45.75
45.56
45.43
45.25
45.06
44.93
44.68
44.43
44.25
44
43.81
43.56
43.37
43.12
42.87
42.62
42.37
42.12
41.87
41.62
41.37
41.12
40.87
40.68
40.43
40.18
39.93
39.68
39.5
39.18
38.93
38.75
38.5
38.25
38.06
37.87
37.62
37.43
37.18
37
36.81
36.56
36.37
36.18
36
35.81
35.62
35.43
35.25
35.12
34.93
34.75
34.56
34.37
34.25
34.06
33.93
33.75
33.62
33.43
33.31
33.12
33
32.87
32.75
32.62
32.5
32.37
32.31
32.18
32.06
31.93
31.87
31.75
31.62
31.56
31.43
31.37
31.25
31.18
31.12
31
30.93
30.87
30.81
30.75
30.68
30.62
30.56
30.5
30.43
30.37
30.37
30.31
30.31
30.25
30.25
30.25
30.25
30.18
30.18
30.18
30.18
30.18
30.18
30.18
30.18
30.18
30.18
30.25
30.25
30.25
30.31
30.31
30.31
30.37
30.43
30.43
30.5
30.56
30.56
30.62
30.68
30.75
30.75
30.81
30.87
30.93
31
31.06
31.12
31.18
31.25
31.31
31.37
31.43
31.5
31.62
31.68
31.75
31.81
31.87
31.93
32
32.06
32.12
32.12
32.18
32.25
32.31
32.37
32.43
32.5
32.56
32.56
32.62
32.62
32.68
32.68
32.75
32.75
32.81
32.81
32.81
32.87
32.87
32.87
32.93
32.93
32.93
32.93
32.93
33
33
33
33
33
33
33.06
33.06
33.06
33.06
33.06
33.06
33
33
33
33
33
33
32.93
32.93
32.87
32.87
32.81
32.75
32.75
32.68
32.62
32.62
32.56
32.5
32.43
32.37
32.31
32.31
32.31
32.25
32.25
32.18
32.12
32.12
32.06
32
32
31.93
31.93
31.87
31.87
31.81
31.81
31.75
31.68
31.68
31.62
31.62
31.62
31.56
31.56
31.56
31.5
31.5
31.43
31.43
31.37
31.37
31.37
31.31
31.31
31.31
31.31
31.31
31.25
31.25
31.25
31.25
31.25
31.25
31.25
31.18
31.18
31.25
31.25
31.25
31.25
31.25
31.25
31.25
31.25
31.31
31.31
31.31
31.37
31.37
31.37
31.43
31.43
31.5
31.5
31.56
31.56
31.62
