51.313
39.438
40.063
40.08
40.99
41.6
42.21
42.213
43.108
43.703
44.298
44.893
44.88
45.051
45.964
45.919
46.159
46.991
46.916
47.025
47.268
47.445
47.608
47.654
47.834
48.556
48.371
48.471
48.455
47.965
48.303
48.224
48.279
48.269
48.244
48.103
48.095
48.023
47.935
47.731
47.661
46.919
46.953
46.82
46.623
47.018
45.796
46.509
45.964
45.096
45.005
44.747
44.425
44.087
43.634
43.314
42.929
42.529
42.721
41.905
42.13
41.397
41.557
40.81
40.347
39.769
39.324
39.421
38.611
38.086
38.154
37.921
36.98
37.08
36.222
35.65
35.67
34.782
34.079
34.116
33.196
33.169
32.234
32.191
31.241
31.184
30.826
30.469
30.111
29.754
29.396
29.039
28.681
28.324
28.574
27.931
28.196
27.569
27.849
27.236
26.924
26.611
27.007
26.362
26.067
26.38
25.8
26.127
26.17
25.62
26.079
25.496
25.871
25.354
25.744
25.241
25.039
25.444
25.665
25.145
25.582
25.127
25.58
25.14
25.607
25.182
25.766
25.309
25.809
26.024
26.254
25.891
26.537
26.142
26.705
26.375
26.952
27.245
26.945
26.945
27.654
27.321
27.946
28.286
28.641
28.404
29.175
29.512
29.307
30.01
29.82
29.93
30.04
30.757
30.582
30.707
31.541
31.334
31.476
31.619
32.369
32.226
32.991
32.864
33.644
33.531
33.719
34.615
34.47
35.282
35.202
35.422
35.642
35.862
36.082
36.302
36.522
36.742
36.355
36.86
37.065
37.27
37.475
37.68
37.885
37.381
37.919
38.106
37.686
38.159
38.331
38.504
38.069
38.526
38.684
39.449
39.321
39.494
39.666
39.839
40.011
40.184
39.749
39.599
40.041
39.475
39.342
39.145
39.54
39.027
39.407
38.779
39.191
38.646
38.994
39.041
38.481
38.814
38.239
38.556
38.574
37.882
37.625
37.91
37.287
36.95
37.205
36.451
36.739
36.676
36.614
36.551
36.489
36.426
36.364
36.301
35.631
35.854
35.169
34.769
34.961
34.145
34.37
33.637
33.797
33.657
32.91
33.055
32.9
32.745
32.59
32.435
32.28
32.125
31.97
31.815
31.66
30.897
31.027
31.465
31.01
31.462
31.022
31.49
31.774
31.316
31.209
31.101
30.994
30.886
30.779
31.279
30.886
30.794
30.701
31.216
30.839
31.369
31.006
31.652
31.257
31.212
31.167
31.122
31.685
31.355
31.325
31.295
31.265
31.235
31.812
31.497
32.09
31.79
31.79
32.499
32.166
32.184
32.201
32.219
32.844
32.576
32.609
33.249
32.996
33.044
33.091
32.531
32.864
32.896
32.321
32.639
32.656
32.674
32.691
33.316
33.049
33.081
33.114
33.146
33.179
33.211
32.636
32.954
32.971
32.989
33.006
33.024
33.041
33.666
33.399
33.431
33.464
33.496
33.529
33.561
34.201
33.949
33.996
34.651
34.414
34.476
34.539
34.601
35.372
35.102
35.182
35.262
34.634
35.046
35.109
35.171
34.626
34.974
35.021
35.069
35.116
34.556
34.889
34.921
34.954
34.986
35.019
35.051
35.084
35.116
35.149
35.181
35.214
35.246
35.279
35.919
35.666
35.714
35.761
35.809
35.856
35.904
35.951
35.391
35.724
35.756
35.181
35.499
34.807
35.157
35.157
34.55
34.835
34.82
34.197
34.467
34.437
33.8
34.055
34.01
33.965
34.527
34.197
33.56
34.422
34.092
34.062
34.032
34.002
33.972
33.942
33.305
33.56
34.122
33.792
33.762
33.732
33.702
34.28
33.965
33.95
33.935
34.527
34.227
34.227
34.227
34.227
33.62
33.905
33.89
33.875
33.86
33.845
33.83
33.815
33.8
33.785
33.77
33.755
33.132
33.402
33.98
33.665
33.65
33.635
33.62
33.605
33.59
33.575
33.56
33.545
33.53
34.122
33.822
33.822
33.822
33.822
33.822
33.822
33.822
33.822
34.531
34.199
34.216
34.234
34.251
34.269
34.286
34.304
34.321
34.339
34.356
34.374
34.999
34.731
34.764
34.796
34.829
34.861
34.894
34.926
35.566
35.314
35.361
35.409
35.456
35.504
34.944
35.276
35.309
34.734
35.051
35.069
35.086
35.104
35.121
35.139
35.156
35.174
35.191
35.209
0
23.767
22.535
21.302
20.07
18.837
17.605
16.372
15.14
13.907
12.675
12.05
10.532
9.9225
8.42
7.2175
6.6225
5.135
4.6563
3.1363
3.1812
1.4413
0.90875
0.1925
0
0
0
0
0
0.00125
0
0
0
0
0.01
0
0.0075
0
0
0
0
0
0.32875
0.23875
0.33
0.3025
0
0.32
0
0.51625
0.61375
0.285
0.73
0.3475
0.38125
0.28125
0.85375
0.65
0.6125
1.2475
1.1062
1.7387
2.2525
2.04
2.1925
3.0687
2.9187
3.7412
3.7875
4.6075
4.6
5.0087
5.2837
5.6237
5.9787
6.45
6.7875
7.19
8.3162
7.8087
8.5587
9.0237
8.8962
9.6762
10.272
10.735
11.262
11.805
11.755
12.714
13.239
13.221
14.111
14.109
15.014
15.026
16.047
16.027
16.965
17.01
17.355
17.7
18.045
18.39
18.735
19.08
19.425
19.77
20.115
20.46
20.805
21.15
21.495
21.84
22.185
22.53
22.267
22.897
23.227
23.557
23.179
23.841
24.154
23.859
24.456
24.754
24.444
25.026
24.701
25.269
24.827
24.82
25.355
24.982
24.895
24.691
25.229
24.809
25.281
24.846
25.304
24.854
24.587
25.062
24.58
24.382
24.17
23.841
24.254
23.709
23.449
23.174
23.491
23.509
22.817
23.167
22.56
22.845
22.83
22.207
22.477
21.84
22.095
21.341
21.629
20.959
21.181
21.104
20.419
20.626
19.926
20.119
19.302
19.527
18.795
18.955
18.815
18.675
17.927
18.072
17.917
17.762
17.607
17.452
17.297
17.142
16.987
16.832
16.677
16.522
16.367
16.212
16.057
15.902
15.747
15.592
16.045
15.605
14.857
15.002
14.847
14.692
14.537
14.382
14.227
13.465
13.595
13.425
13.255
13.085
12.915
12.745
13.182
12.727
12.572
12.417
12.87
12.43
12.897
12.472
13.056
13.206
12.814
12.721
13.236
12.859
13.389
13.026
13.672
13.277
13.84
13.51
13.48
14.057
13.742
13.727
13.712
13.697
14.29
13.99
13.99
13.99
13.99
13.99
13.99
14.699
14.366
14.384
14.401
14.419
14.436
14.454
14.471
15.096
14.829
14.861
14.894
15.534
15.281
15.329
15.376
16.031
15.794
15.856
15.919
15.981
16.752
16.482
16.562
16.642
17.33
17.125
17.22
17.922
17.732
17.842
17.952
18.062
18.172
18.282
18.392
18.502
18.612
18.722
18.832
18.942
19.052
19.162
19.272
18.775
19.17
19.265
19.36
19.455
19.55
19.037
19.417
19.497
19.577
19.657
19.737
19.817
19.189
19.601
19.664
19.726
19.789
19.244
19.591
19.639
19.079
20.019
19.159
19.491
19.524
19.556
19.589
19.621
19.654
19.686
19.719
19.751
19.784
19.816
19.849
19.881
19.306
19.624
19.641
19.659
18.967
19.317
19.317
19.317
18.71
18.995
18.98
18.965
18.95
18.327
18.597
18.567
18.537
18.507
18.477
18.447
18.417
18.387
17.75
18.612
18.282
17.645
17.9
18.462
18.132
18.102
18.072
18.042
18.012
17.982
17.952
17.922
17.892
17.862
17.832
17.802
17.772
17.742
17.712
17.682
17.652
17.622
16.985
17.24
17.195
17.15
17.712
17.382
17.352
17.322
17.292
17.262
17.232
17.202
17.172
17.142
17.112
17.082
17.052
17.022
16.992
16.962
16.932
16.902
16.872
16.842
16.812
16.782
16.752
16.722
16.692
16.662
16.632
16.602
16.572
17.15
16.835
16.82
16.805
17.397
17.097
17.097
17.097
17.097
17.097
17.097
17.806
16.765
17.115
17.115
17.115
17.824
16.782
17.132
17.132
17.132
17.132
17.132
17.132
17.132
16.525
16.81
16.795
16.78
16.765
17.357
17.057
17.057
17.057
17.057
16.45
16.735
17.327
17.027
17.027
17.027
17.027
17.027
17.027
17.027
17.027
17.027
17.027
17.736
17.404
17.421
17.439
17.456
17.474
17.491
17.509
17.526
17.544
17.561
16.87
17.929
17.596
17.614
17.631
17.649
17.666
17.684
17.701
17.719
17.736
17.045
17.395
17.395
17.395
17.395
17.395
16.787
17.072
17.057
17.042
17.027
17.012
16.997
16.982
16.967
16.952
