33
33
33
33
32.93
32.93
32.93
32.93
32.93
32.93
33
33
33
33
33
33.06
33.06
33.12
33.18
33.25
33.25
33.31
33.37
33.43
33.5
33.56
33.62
33.68
33.75
33.87
33.93
34.06
34.18
34.25
34.37
34.5
34.62
34.75
34.87
35.06
35.18
35.31
35.5
35.62
35.75
35.87
36.06
36.12
36.25
36.31
36.43
36.5
36.56
36.62
36.68
36.81
36.87
37
37.06
37.12
37.18
37.25
37.25
37.31
37.37
37.37
37.37
37.37
37.37
37.37
37.43
37.43
37.43
37.43
37.43
37.43
37.37
37.31
37.25
37.18
37.06
37
36.87
36.75
36.68
36.56
36.43
36.37
36.25
36.12
36
35.87
35.75
35.62
35.43
35.31
35.18
35
34.87
34.68
34.56
34.37
34.18
34
33.87
33.75
33.56
33.43
33.31
33.18
33.06
33
32.87
32.81
32.68
32.62
32.56
32.43
32.43
32.37
32.31
32.31
32.25
32.25
32.25
32.25
32.25
32.31
32.31
32.37
32.37
32.43
32.5
32.56
32.68
32.75
32.87
32.93
33.06
33.18
33.31
33.5
33.62
33.81
33.93
34.12
34.25
34.43
34.62
34.75
34.93
35.12
35.31
35.5
35.68
35.87
36
36.18
36.37
36.56
36.75
36.93
37.12
37.31
37.5
37.68
37.81
38
38.12
38.25
38.43
38.56
38.68
38.75
38.87
39
39.06
39.12
39.12
39.18
39.18
39.12
39.12
39.06
39.06
39
38.87
38.81
38.68
38.62
38.5
38.37
