31.93
31.93
31.93
31.93
32
31.93
32
32
32
32
32
32
32
32
31.93
31.93
31.87
31.81
31.81
31.75
31.68
31.62
31.56
31.5
31.43
31.37
31.31
31.18
31.12
31.06
31
30.87
30.81
30.75
30.68
30.62
30.56
30.5
30.37
30.31
30.25
30.18
30.12
30.06
30
29.93
29.87
29.87
29.81
29.75
29.68
29.62
29.56
29.56
29.5
29.5
29.5
29.43
29.43
29.43
29.43
29.43
29.43
29.43
29.43
29.43
29.43
29.5
29.56
29.56
29.62
29.68
29.75
29.81
29.87
29.93
30
30.06
30.18
30.18
30.25
30.31
30.37
30.43
30.5
30.5
30.56
30.62
30.62
30.68
30.75
30.75
30.81
30.87
30.87
30.93
31
31.06
31.06
31.12
31.18
31.25
31.25
31.31
31.37
31.43
31.5
31.5
31.56
31.56
31.62
31.68
31.68
31.75
31.75
31.81
31.87
31.87
31.93
31.93
32
32
32.06
32.06
32.06
32.06
32.06
32.12
32.12
32.12
32.12
32.12
32.12
32.12
32.12
32.18
32.18
32.18
32.18
32.25
32.25
32.25
32.25
32.25
32.25
32.31
32.31
32.31
32.31
32.31
32.31
32.31
32.25
32.25
32.25
32.25
32.18
32.18
32.18
32.18
32.18
32.18
32.18
32.12
32.12
32.12
32.06
32.06
32.06
32.06
32
32
32
32
32
32
32
31.93
31.93
31.87
31.87
31.87
31.87
31.87
31.87
31.87
31.87
31.87
31.87
31.81
31.81
31.81
31.81
31.81
31.75
31.81
31.75
31.75
31.75
31.75
31.75
31.75
31.75
31.75
31.75
31.75
31.75
31.75
31.75
31.75
31.75
31.81
31.81
31.81
31.81
31.87
31.87
31.87
31.93
32
32.06
32.06
32.12
32.12
32.18
32.18
32.18
32.18
32.18
32.18
32.18
32.18
32.18
32.18
32.18
32.18
32.18
32.18
32.25
32.25
32.25
32.25
32.25
32.25
32.18
32.18
32.18
32.18
32.18
32.12
32.18
32.18
32.12
32.12
32.12
32.12
32.06
32.06
32.06
32.06
32
32
32
32
31.93
31.93
31.93
31.93
31.93
31.87
31.87
31.87
31.87
31.87
31.87
31.87
31.81
31.81
31.81
31.81
31.81
31.81
31.81
31.87
31.87
31.87
31.87
31.93
31.93
31.93
31.93
31.93
31.93
31.93
31.93
31.93
31.93
31.93
31.87
31.87
31.87
31.93
31.93
31.93
31.93
32
32
32.06
32.12
32.18
32.25
32.31
32.37
32.5
32.56
32.68
32.75
32.87
33
33.06
33.25
33.37
33.5
33.62
33.75
33.87
34.06
34.18
34.31
34.5
34.62
34.75
34.93
35.06
35.18
35.37
35.5
35.62
35.75
35.87
36.06
36.18
36.31
36.5
36.62
36.75
36.87
37
37.12
37.25
37.37
37.5
37.56
37.68
37.81
37.87
38
38.06
38.18
38.25
38.37
38.43
38.5
38.56
38.56
38.56
38.62
38.62
38.62
38.62
38.68
38.68
38.68
38.75
38.75
38.81
38.81
38.87
38.87
38.81
38.81
38.75
38.68
38.62
38.56
38.5
38.43
38.37
38.31
38.25
38.18
38.12
38.06
38
37.93
37.93
37.87
37.81
37.75
37.68
37.62
37.56
37.5
37.5
37.43
37.37
37.31
37.31
37.25
37.18
37.12
37.06
37.06
37
36.93
36.93
36.87
36.87
36.87
36.87
36.87
36.81
36.81
36.75
36.75
36.68
36.68
36.68
36.68
36.68
36.68
36.68
36.68
36.75
36.68
36.75
36.68
36.68
36.62
36.62
36.62
36.62
36.62
36.68
36.68
36.68
36.68
36.75
36.75
36.75
36.81
36.81
36.81
36.81
36.81
36.87
36.87
36.87
36.87
36.87
36.93
36.87
36.87
36.87
36.87
36.87
36.87
36.87
36.87
36.87
36.93
37
37
37
37.06
37.06
37.06
37.12
37.12
37.12
37.12
37.12
37.12
37.06
37.12
37.12
37.18
37.18
37.25
37.31
37.31
37.31
37.31
37.31
37.31
37.37
37.37
37.37
37.37
37.31
37.31
37.31
37.31
37.25
37.25
37.25
37.25
37.18
37.18
37.18
37.12
37.12
37.06
37.06
37
37
36.93
36.93
36.93
36.87
36.87
36.81
36.81
36.75
36.75
36.75
36.68
36.68
36.68
36.68
36.75
36.75
36.75
36.81
36.81
36.81
36.87
36.87
36.93
36.93
37
37
37.06
37.06
37.12
37.12
37.18
37.18
37.18
37.18
37.18
37.18
37.18
37.18
37.25
37.18
37.18
37.25
37.25
37.25
37.25
37.25
37.25
37.25
37.25
37.25
37.25
37.18
37.18
37.18
37.12
37.12
37.12
37.12
37.12
37.12
37.06
37.06
37
37
37
36.93
36.87
36.87
36.87
36.87
36.81
36.81
36.81
36.81
36.75
36.75
36.75
36.75
36.75
36.75
36.75
36.75
36.75
36.75
36.81
36.81
36.81
36.75
36.75
36.75
36.75
36.75
36.75
36.75
36.75
36.75
36.81
36.81
36.87
36.87
36.93
37
37.06
37.06
37.12
37.18
37.25
37.31
37.43
37.5
37.62
37.68
37.75
37.87
37.93
38
38.12
38.18
38.31
38.43
38.5
38.62
38.75
38.87
39
39.12
39.25
39.37
39.5
39.62
39.81
39.93
40.06
40.25
40.37
40.56
40.68
40.87
41
41.12
41.25
41.37
41.5
41.62
41.75
41.93
42.06
42.18
42.31
42.43
42.56
42.68
42.81
42.93
43
43.12
43.25
43.31
43.43
43.56
43.68
43.81
43.87
44.06
44.12
44.25
44.37
44.43
44.56
44.62
44.68
44.75
44.87
44.93
45
45.12
45.18
45.25
45.31
45.43
45.5
45.56
45.62
45.68
45.75
45.81
45.93
46
46.06
46.06
46.18
46.18
46.25
46.31
46.37
46.5
46.56
46.62
46.68
46.75
46.81
46.87
46.93
46.93
47
47
47.06
47.06
47.12
47.12
47.12
47.12
47.12
47.18
47.18
47.25
47.31
47.31
47.37
47.43
47.5
47.5
47.62
47.68
47.68
47.68
47.68
47.75
47.75
47.75
47.75
47.81
47.81
47.81
47.81
47.81
47.75
47.68
47.68
47.68
47.68
47.62
47.62
47.56
47.5
47.5
47.43
47.43
47.43
47.43
47.43
47.43
47.43
47.43
47.43
47.37
47.37
47.37
47.31
47.31
47.31
47.25
47.31
47.25
47.25
47.31
47.31
47.31
47.25
47.25
47.25
47.25
47.18
47.18
47.25
47.25
47.25
47.18
47.18
47.25
47.25
47.25
47.18
47.18
47.12
47.06
47.06
47.06
47.06
47.06
47.06
47.06
47
47
47
47
46.93
46.93
46.93
46.93
46.93
46.93
46.93
47
47
47
47
47.06
47.06
47.06
47.12
47.12
47.18
47.18
47.25
47.25
47.31
47.31
47.31
47.25
47.18
47.18
47.18
47.18
47.18
47.25
47.25
47.25
47.25
47.25
47.25
47.18
47.18
47.12
47.12
47.12
47.18
47.12
47.12
47.12
47.12
47.18
47.18
47.18
47.18
47.18
47.18
47.18
47.18
47.18
47.25
47.25
47.25
47.25
47.31
47.31
47.31
47.31
47.31
47.31
47.31
47.25
47.25
47.31
47.31
47.37
47.37
47.37
47.37
47.31
47.31
47.31
47.31
47.31
47.25
47.25
47.25
47.25
47.25
47.25
47.18
47.18
47.12
47.06
47.06
47
46.93
46.93
46.93
46.87
46.87
46.93
46.93
46.93
46.93
46.93
46.93
46.93
46.93
46.93
47
47
47
47.06
47.06
47.06
47.06
47.12
47.12
47.12
47.12
47.12
47.12
47.12
47.06
47
46.93
46.87
46.75
46.68
46.56
46.43
46.31
46.12
45.93
45.75
45.56
45.37
45.18
44.93
44.75
44.5
44.25
44
43.75
43.5
43.25
43
42.75
42.56
42.31
42.06
41.81
41.56
41.31
41.12
40.87
40.62
40.37
40.06
39.87
39.62
39.43
39.25
39.06
38.81
38.56
38.37
38.12
37.93
37.75
37.56
37.37
37.12
37
36.81
36.62
36.43
36.25
36.06
35.87
35.68
35.56
35.37
35.25
35.06
34.93
34.81
34.62
34.5
34.37
34.25
34.12
34.06
33.93
33.87
33.81
33.75
33.62
33.56
33.5
33.37
33.25
33.18
33.12
33
32.93
32.87
32.81
32.81
32.75
32.68
32.68
32.62
32.62
32.56
32.56
32.56
32.5
32.5
32.43
32.43
32.43
32.37
32.37
32.37
32.37
32.37
32.31
32.31
32.31
32.31
32.31
32.31
32.31
32.31
32.31
32.31
32.31
32.31
32.31
32.31
32.31
32.31
32.31
32.31
32.31
32.31
32.31
32.31
32.25
32.25
32.25
32.25
32.25
32.25
32.25
32.25
32.25
32.25
32.25
32.25
32.25
32.25
32.25
32.25
32.25
32.25
32.25
32.25
32.25
32.25
32.25
32.31
32.31
32.25
32.25
32.25
32.25
32.25
32.18
32.18
32.18
32.12
32.12
32.12
32.06
32.06
32.06
32
32
32
32
32
32
32
32
32
32
32
32
32
32
32
32
32
32
32.06
32.06
32.06
32.06
32.06
32.06
32.06
32.06
32.06
32
32
32
32
32
32
32
32
32
32
31.93
31.93
31.93
31.87
31.87
31.87
31.87
31.87
31.87
31.87
31.87
31.87
31.87
31.93
31.93
31.93
31.93
32
32
32
32
32
32
32
32
32
32
32
31.93
31.93
31.93
31.93
32
32
32
32
32
32.06
32.06
32.06
32.06
32.06
32
32
32
32
31.93
31.93
31.93
31.93
31.87
31.87
31.87
31.87
31.87
31.87
31.87
31.87
31.87
31.87
31.81
31.81
31.81
31.81
31.81
31.81
