0
0
90.8
90.8
90.8
90.8
100
100
100
100
100
100
100
100
100
100
100
100
100
100
100
100
100
100
100
100
100
100
100
100
100
100
100
100
94.5
94.5
94.5
94.5
78.2
78.2
78.2
78.2
53
53
53
53
24
24
24
24
0
0
0
0
0
0
0
0
0
0
0
0
0
0
0
0
0
0
0
0
0
0
0
0
0
0
0
0
0
0
0
0
0
0
0
0
3.1
3.1
3.1
3.1
13
13
13
13
27.5
27.5
27.5
27.5
46.4
46.4
46.4
46.4
66.5
66.5
66.5
66.5
88.4
88.4
88.4
88.4
100
100
100
100
100
100
100
100
100
100
100
100
100
100
100
100
100
100
100
100
100
100
100
100
93.7
93.7
93.7
93.7
79.4
79.4
79.4
79.4
60.3
60.3
60.3
60.3
34.9
34.9
34.9
34.9
4.5
4.5
4.5
4.5
0
0
0
0
0
0
0
0
0
0
0
0
0
0
0
0
0
0
0
0
0
0
0
0
0
0
0
0
0
0
0
0
1.9
1.9
1.9
1.9
9.5
9.5
9.5
9.5
22.3
22.3
22.3
22.3
37.4
37.4
37.4
37.4
56.6
56.6
56.6
56.6
78.7
78.7
78.7
78.7
100
100
100
100
100
100
100
100
100
100
100
100
100
100
100
100
100
100
100
100
