0
54.6
54.6
54.6
54.6
100
100
100
100
100
100
100
100
100
100
100
100
100
100
100
100
100
100
100
100
100
100
100
100
100
100
100
100
94.1
94.1
94.1
94.1
81.1
81.1
81.1
81.1
59.9
59.9
59.9
59.9
31.7
31.7
31.7
31.7
1.5
1.5
1.5
1.5
0
0
0
0
0
0
0
0
0
0
0
0
0
0
0
0
0
0
0
0
0
0
0
0
0
0
0
0
0
0
0
0
3.9
3.9
3.9
3.9
12.3
12.3
12.3
12.3
25.8
25.8
25.8
25.8
43
43
43
43
62.6
62.6
62.6
62.6
82.2
82.2
82.2
82.2
100
100
100
100
100
100
100
100
100
100
100
100
100
100
100
100
100
100
100
100
100
100
100
100
94.8
94.8
94.8
94.8
82.6
82.6
82.6
82.6
62.9
62.9
62.9
62.9
39.4
39.4
39.4
39.4
10.1
10.1
10.1
10.1
0
0
0
0
0
0
0
0
0
0
0
0
0
0
0
0
0
0
0
0
0
0
0
0
0
0
0
0
0
0
0
0
2.1
2.1
2.1
2.1
8.5
8.5
8.5
8.5
20.1
20.1
20.1
20.1
36.2
36.2
36.2
36.2
55.6
55.6
55.6
55.6
75.8
75.8
75.8
75.8
97.5
97.5
97.5
97.5
100
100
100
100
100
100
100
100
100
100
100
100
100
100
100
100
100
100
100
100
94.3
94.3
94.3
94.3
80.9
80.9
80.9
80.9
60.8
60.8
60.8
60.8
36.4
36.4
36.4
36.4
6.8
6.8
6.8
6.8
0
0
0
0
0
0
0
0
0
0
0
0
0
0
0
0
0
0
0
0
0
0
0
0
0
0
0
0
0
0
0
0
6
6
6
6
16.9
16.9
16.9
16.9
32.2
32.2
32.2
32.2
51.4
51.4
51.4
51.4
71.8
71.8
71.8
71.8
92.4
92.4
92.4
92.4
100
100
100
100
100
100
100
100
100
100
100
100
100
100
100
100
100
100
100
100
96.2
96.2
96.2
96.2
83.8
83.8
83.8
83.8
64.6
64.6
64.6
64.6
41.6
41.6
41.6
41.6
14
14
14
14
0
0
0
0
0
0
0
0
0
0
0
0
0
0
0
0
0
0
0
0
0
0
0
0
0
0
0
0
0
0
0
0
0.7
0.7
0.7
0.7
7
7
7
7
18.3
18.3
18.3
18.3
33.2
33.2
33.2
33.2
52
52
52
52
71.7
71.7
71.7
71.7
93
93
93
93
100
100
100
100
100
100
100
100
100
100
100
100
100
100
100
100
100
100
100
100
93.7
93.7
93.7
93.7
79.4
79.4
79.4
79.4
57.9
57.9
57.9
57.9
33
33
33
33
4
4
4
4
0
0
0
0
0
0
0
0
0
0
0
0
0
0
0
0
0
0
0
0
0
0
0
0
0
0
0
0
0
0
0
0
2.7
2.7
2.7
2.7
10.8
10.8
10.8
10.8
23.7
23.7
23.7
23.7
40.3
40.3
40.3
40.3
57.8
57.8
57.8
57.8
76.7
76.7
76.7
76.7
95.9
95.9
95.9
95.9
100
100
100
100
100
100
100
100
100
100
100
100
100
100
100
100
98.7
98.7
98.7
98.7
89.7
89.7
