0
0
0
0
0
0
0
0
0
0
0
0
0
0
0
0
12.9
12.9
12.9
12.9
32.3
32.3
32.3
32.3
51.9
51.9
51.9
51.9
73
73
73
73
92.9
92.9
92.9
92.9
100
100
100
100
100
100
100
100
100
100
100
100
98.9
98.9
98.9
98.9
92.5
92.5
92.5
92.5
80
80
80
80
62.1
62.1
62.1
62.1
39.1
39.1
39.1
39.1
18.5
18.5
18.5
18.5
0
0
0
0
0
0
0
0
0
0
0
0
0
0
0
0
0
0
0
0
0
0
0
0
0
0
0
0
5.6
5.6
5.6
5.6
15.1
15.1
15.1
15.1
25.4
25.4
25.4
25.4
37.7
37.7
37.7
37.7
52.2
52.2
52.2
52.2
66.8
66.8
66.8
66.8
78.4
78.4
78.4
78.4
88.5
88.5
88.5
88.5
94.7
94.7
94.7
94.7
97
97
97
97
96.1
96.1
96.1
96.1
89.6
89.6
89.6
89.6
77.6
77.6
77.6
77.6
62.3
62.3
62.3
62.3
42.7
42.7
42.7
42.7
18.4
18.4
18.4
18.4
0
0
0
0
0
0
0
0
0
0
0
0
0
0
0
0
0
0
0
0
0
0
0
0
0.4
0.4
0.4
0.4
5.1
5.1
5.1
5.1
14.8
14.8
14.8
14.8
28
28
28
28
42.9
42.9
42.9
42.9
56.2
56.2
56.2
56.2
70.7
70.7
70.7
70.7
84.8
84.8
84.8
84.8
94.6
94.6
94.6
94.6
100
100
100
100
100
100
100
100
98.5
98.5
98.5
98.5
91.9
91.9
91.9
91.9
