0
0
0
0
18.8
18.8
18.8
18.8
37
37
37
37
54.8
54.8
54.8
54.8
72.2
72.2
72.2
72.2
89.2
89.2
89.2
89.2
100
100
100
100
100
100
100
100
100
100
100
100
100
100
100
100
100
100
100
100
100
100
100
100
95.1
95.1
95.1
95.1
85.2
85.2
85.2
85.2
70.4
70.4
70.4
70.4
52.2
52.2
52.2
52.2
29.7
29.7
29.7
29.7
3.4
3.4
3.4
3.4
0
0
0
0
0
0
0
0
0
0
0
0
0
0
0
0
0
0
0
0
0
0
0
0
0
0
0
0
0
0
0
0
0
0
0
0
0
0
0
0
1.5
1.5
1.5
1.5
6
6
6
6
14
14
14
14
24.9
24.9
24.9
24.9
37.9
37.9
37.9
37.9
53.7
53.7
53.7
53.7
71.4
71.4
71.4
71.4
90.1
90.1
90.1
90.1
100
100
100
100
100
100
100
100
100
100
100
100
100
100
100
100
100
100
100
100
100
100
100
100
100
100
100
100
100
100
100
100
95.5
95.5
95.5
95.5
86.5
86.5
86.5
86.5
74.1
74.1
74.1
74.1
58.2
58.2
58.2
58.2
38.6
38.6
38.6
38.6
16.2
16.2
16.2
16.2
0
0
0
0
0
0
0
0
0
0
0
0
0
0
0
0
0
0
0
0
0
0
0
0
0
0
0
0
0
0
0
0
0
0
0
0
1.8
1.8
1.8
1.8
6.8
6.8
6.8
6.8
16
16
16
16
28.8
28.8
28.8
28.8
44.5
44.5
44.5
44.5
62.6
62.6
62.6
62.6
83.7
83.7
83.7
83.7
100
100
100
100
100
100
100
100
100
100
100
100
100
100
100
100
100
100
100
100
100
100
100
100
100
100
100
100
100
100
100
100
100
100
100
100
96.7
96.7
96.7
96.7
88.6
88.6
88.6
88.6
76.3
76.3
76.3
76.3
60.7
60.7
60.7
60.7
41.5
41.5
41.5
41.5
19.2
19.2
19.2
19.2
0
0
0
0
0
0
0
0
0
0
0
0
0
0
0
0
0
0
0
0
0
0
0
0
0
0
0
0
0
0
0
0
0
0
0
0
0.8
0.8
0.8
0.8
6.2
6.2
6.2
6.2
15.4
15.4
15.4
15.4
29.2
29.2
29.2
29.2
46.7
46.7
46.7
46.7
67.5
67.5
67.5
67.5
90
90
90
90
100
100
100
100
100
100
100
100
100
100
100
100
100
100
100
100
100
100
100
100
100
100
100
100
100
100
100
100
100
100
100
100
99.9
99.9
99.9
99.9
96.7
96.7
96.7
96.7
92.4
92.4
92.4
92.4
89.1
89.1
89.1
89.1
86.9
