133
373
551
716
801
779
724
655
535
425
324
204
152
90
68
104
201
324
479
575
626
646
636
627
565
507
446
369
261
184
149
132
124
122
175
293
422
583
724
804
813
715
595
454
340
222
100
42
1000
1000
1000
1000
1000
1000
1000
933
823
713
481
295
108
50
79
152
159
311
505
737
808
870
1000
1000
1000
1000
1000
1000
1000
1000
740
308
0
0
0
0
0
156
333
691
1000
1000
1000
1000
1000
1000
1000
1000
1000
607
227
0
0
0
0
67
292
545
730
982
1000
1000
1000
196
0
5
124
93
0
0
0
0
78
651
1000
1000
1000
1000
1000
