0
0
7.9
7.9
7.9
7.9
16.5
16.5
16.5
16.5
25.9
25.9
25.9
25.9
35.7
35.7
35.7
35.7
45.6
45.6
45.6
45.6
55.5
55.5
55.5
55.5
65.2
65.2
65.2
65.2
74.5
74.5
74.5
74.5
83
83
83
83
90.6
90.6
90.6
90.6
96.7
96.7
96.7
96.7
100
100
100
100
100
100
100
100
100
100
100
100
98.3
98.3
98.3
98.3
94.9
94.9
94.9
94.9
88.9
88.9
88.9
88.9
80.4
80.4
80.4
80.4
70.5
70.5
70.5
70.5
58.4
58.4
58.4
58.4
44.2
44.2
44.2
44.2
28.7
28.7
28.7
28.7
12.6
12.6
12.6
12.6
0
0
0
0
0
0
0
0
0
0
0
0
0
0
0
0
0
0
0
0
0
0
0
0
0
0
0
0
0
0
0
0
0
0
0
0
0
0
0
0
0.2
0.2
0.2
0.2
2.7
2.7
2.7
2.7
7
7
7
7
12.5
12.5
12.5
12.5
19.4
19.4
19.4
19.4
27.2
27.2
27.2
27.2
35.4
35.4
35.4
35.4
44.3
44.3
44.3
44.3
53.7
53.7
53.7
53.7
62.9
62.9
62.9
62.9
71.6
71.6
71.6
71.6
79.8
79.8
79.8
79.8
87
87
87
87
93.2
93.2
93.2
93.2
97.9
97.9
97.9
97.9
100
100
100
100
100
100
100
100
98.5
98.5
98.5
98.5
94.8
94.8
94.8
94.8
88.6
88.6
88.6
88.6
80.9
80.9
80.9
80.9
70.6
70.6
70.6
70.6
58.5
58.5
58.5
58.5
44.7
44.7
44.7
44.7
29.9
29.9
29.9
29.9
14.1
14.1
14.1
14.1
0
0
0
0
0
0
0
0
0
0
0
0
0
0
0
0
0
0
0
0
0
0
0
0
0
0
0
0
0
0
0
0
0
0
0
0
0
0
0
0
0
0
0
0
2.3
2.3
2.3
2.3
6.1
6.1
6.1
6.1
11.6
11.6
11.6
11.6
18.7
18.7
18.7
18.7
26.6
26.6
26.6
26.6
35.6
35.6
35.6
35.6
45.1
45.1
45.1
45.1
55.1
55.1
55.1
55.1
64.9
64.9
64.9
64.9
74.4
74.4
74.4
74.4
83.2
83.2
83.2
83.2
91.2
91.2
91.2
91.2
97.8
97.8
97.8
97.8
100
100
100
100
100
100
100
100
100
100
100
100
98.5
98.5
98.5
98.5
94.4
94.4
94.4
94.4
88.3
88.3
88.3
88.3
79.8
79.8
79.8
79.8
68.8
68.8
68.8
68.8
56
56
56
56
42.1
42.1
42.1
42.1
26.7
26.7
26.7
26.7
10
10
10
10
0
0
0
0
0
0
0
0
0
0
0
0
0
0
0
0
0
0
0
0
0
