0
0
0
0
0
0
0
0
0
0
0
0
0
0
0
0
0
0
0
0
0
0
0
0
0
0
0
0
0
0
0
0
0
0
0
0
0
0
0
0
0
0
0.1
0.1
0.1
0.1
0.5
0.5
0.5
0.5
1.5
1.5
1.5
1.5
2.9
2.9
2.9
2.9
4.8
4.8
4.8
4.8
7.1
7.1
7.1
7.1
9.8
9.8
9.8
9.8
12.9
12.9
12.9
12.9
16.2
16.2
16.2
16.2
19.7
19.7
19.7
19.7
23.3
23.3
23.3
23.3
26.9
26.9
26.9
26.9
30.7
30.7
30.7
30.7
34.4
34.4
34.4
34.4
38.2
38.2
38.2
38.2
41.8
41.8
41.8
41.8
45.2
45.2
45.2
45.2
48.4
48.4
48.4
48.4
51.5
51.5
51.5
51.5
54.2
54.2
54.2
54.2
56.7
56.7
56.7
56.7
58.8
58.8
58.8
58.8
60.7
60.7
60.7
60.7
62.2
62.2
62.2
62.2
63.3
63.3
63.3
63.3
64.2
64.2
64.2
64.2
64.6
64.6
64.6
64.6
64.5
64.5
64.5
64.5
64
64
64
64
63.2
63.2
63.2
63.2
61.8
61.8
61.8
61.8
60
60
60
60
57.9
57.9
57.9
57.9
55.4
55.4
55.4
55.4
52.5
52.5
52.5
52.5
49.2
49.2
49.2
49.2
45.8
45.8
45.8
