81.4
81.4
81.4
90.1
90.1
90.1
90.1
96.5
96.5
96.5
96.5
100
100
100
100
100
100
100
100
100
100
100
100
97.2
97.2
97.2
97.2
91.7
91.7
91.7
91.7
83.7
83.7
83.7
83.7
77.3
77.3
77.3
77.3
67.1
67.1
67.1
67.1
57.1
57.1
57.1
57.1
49.1
49.1
49.1
49.1
38.6
38.6
38.6
38.6
29.6
29.6
29.6
29.6
20.8
20.8
20.8
20.8
15.5
15.5
15.5
15.5
10
10
10
10
7.4
7.4
7.4
7.4
5.4
5.4
5.4
5.4
4
4
4
4
3.8
3.8
3.8
3.8
5.7
5.7
5.7
5.7
7.1
7.1
7.1
7.1
11.2
11.2
11.2
11.2
16.1
16.1
16.1
16.1
19.3
19.3
19.3
19.3
25.4
25.4
25.4
25.4
31.1
31.1
31.1
31.1
36.4
36.4
36.4
36.4
40
40
40
40
44.5
44.5
44.5
44.5
47.9
47.9
47.9
47.9
50
50
50
50
52.4
52.4
52.4
52.4
53.4
53.4
53.4
53.4
53.8
53.8
53.8
53.8
53.5
53.5
53.5
53.5
52.5
52.5
52.5
52.5
50.8
50.8
50.8
50.8
49
49
49
49
47.1
47.1
47.1
47.1
44.4
44.4
44.4
44.4
42.2
42.2
42.2
42.2
40.5
40.5
40.5
40.5
37.4
37.4
37.4
37.4
34.8
34.8
34.8
34.8
32.7
32.7
32.7
32.7
29.9
29.9
29.9
29.9
28.3
28.3
28.3
28.3
27.3
27.3
27.3
27.3
26.8
26.8
26.8
26.8
27
27
27
27
26.5
26.5
26.5
26.5
26.7
26.7
26.7
26.7
26.9
26.9
26.9
26.9
27.9
27.9
27.9
27.9
28.8
28.8
28.8
28.8
29.9
29.9
29.9
29.9
31
31
31
31
32.2
32.2
32.2
32.2
33.3
33.3
33.3
33.3
35.3
35.3
35.3
35.3
36.7
36.7
36.7
36.7
38.1
38.1
38.1
38.1
38.9
38.9
38.9
38.9
39.9
39.9
39.9
39.9
40.2
40.2
40.2
40.2
41.1
41.1
41.1
41.1
40.7
40.7
40.7
40.7
40.3
40.3
40.3
40.3
39.9
39.9
39.9
39.9
40.2
40.2
40.2
40.2
40.4
40.4
40.4
40.4
40
40
40
40
40.2
40.2
40.2
40.2
39
39
39
39
38.6
38.6
38.6
38.6
38
38
38
38
37.5
37.5
37.5
37.5
36.2
36.2
36.2
36.2
34.9
34.9
34.9
34.9
34.8
34.8
34.8
34.8
34.8
34.8
34.8
34.8
33.9
33.9
33.9
33.9
34.6
34.6
34.6
34.6
34.5
34.5
34.5
34.5
34.4
34.4
34.4
34.4
34.9
34.9
34.9
34.9
34.8
34.8
34.8
34.8
35.4
35.4
35.4
35.4
35.4
35.4
35.4
35.4
36
36
36
36
35.9
35.9
35.9
35.9
35.9
35.9
35.9
35.9
35.9
35.9
35.9
35.9
35.9
35.9
35.9
35.9
36.7
36.7
36.7
36.7
36.7
36.7
36.7
36.7
36.7
36.7
36.7
36.7
36.8
36.8
36.8
36.8
