0
0
0
0
0
0
0
0
0
0
0
0
0
0
0
0
0
0
0
0
0
0
0
0
0
0
0
0
0
0
0
0
0
0
0
0
12.9
12.9
12.9
12.9
40.4
40.4
40.4
40.4
71.3
71.3
71.3
71.3
93.8
93.8
93.8
93.8
100
100
100
100
100
100
100
100
100
100
100
100
100
100
100
100
88.5
88.5
88.5
88.5
56.3
56.3
56.3
56.3
22
22
22
22
0
0
0
0
0
0
0
0
0
0
0
0
0
0
0
0
0
0
0
0
0
0
0
0
0
0
0
0
6.4
6.4
6.4
6.4
22.9
22.9
22.9
22.9
41.9
41.9
41.9
41.9
71.9
71.9
71.9
71.9
100
100
100
100
100
100
100
100
100
100
100
100
100
100
100
100
86.2
86.2
86.2
86.2
67.7
67.7
67.7
67.7
35.4
35.4
35.4
35.4
0
0
0
0
0
0
0
0
0
0
0
0
0
0
0
0
0
0
0
0
0
0
0
0
0
0
0
0
4
4
4
4
17.8
17.8
17.8
17.8
33.1
33.1
33.1
33.1
59.7
59.7
59.7
59.7
88.5
88.5
88.5
88.5
100
100
100
100
100
100
100
100
100
100
100
100
100
100
100
100
94.6
94.6
94.6
94.6
65.1
65.1
65.1
65.1
29.6
29.6
29.6
29.6
0
0
0
0
0
0
0
0
0
0
0
0
0
0
0
0
0
0
0
0
0
0
0
0
0
0
0
0
0
0
0
0
12.8
12.8
12.8
12.8
43.8
43.8
