0
0
0
0
0
0
0
0
0
0
0
0
0
0
0
0
0
0
0
0
0
0
0
0
0
0
0
0
0
0
0
0
2.8
2.8
2.8
2.8
12.4
12.4
12.4
12.4
21.3
21.3
21.3
21.3
35.3
35.3
35.3
35.3
52.9
52.9
52.9
52.9
63.9
63.9
63.9
63.9
80.1
80.1
80.1
80.1
93.8
93.8
93.8
93.8
100
100
100
100
100
100
100
100
99.4
99.4
99.4
99.4
90.3
90.3
90.3
90.3
78.8
78.8
78.8
78.8
53.7
53.7
53.7
53.7
28.9
28.9
28.9
28.9
0.2
0.2
0.2
0.2
0
0
0
0
0
0
0
0
0
0
0
0
0
0
0
0
0
0
0
0
0
0
0
0
4.4
4.4
4.4
4.4
8.3
8.3
8.3
8.3
20.9
20.9
20.9
20.9
33.4
33.4
33.4
33.4
45.2
45.2
45.2
45.2
62.2
62.2
62.2
62.2
78.9
78.9
78.9
78.9
93.3
93.3
93.3
93.3
100
100
100
100
100
100
100
100
98.5
98.5
98.5
98.5
93.1
93.1
93.1
93.1
79.1
79.1
79.1
79.1
60.1
60.1
60.1
60.1
47.2
47.2
47.2
47.2
15.2
15.2
15.2
15.2
0
0
0
0
0
0
0
0
0
0
0
0
0
0
0
0
0
0
0
0
0
0
0
0
0
0
0
0
4.5
4.5
4.5
4.5
14
14
14
14
23
23
23
23
39.4
39.4
39.4
39.4
55.6
55.6
55.6
55.6
65.2
65.2
65.2
65.2
84.3
84.3
84.3
84.3
96.6
96.6
96.6
96.6
100
100
100
100
99.8
99.8
99.8
99.8
96.1
96.1
96.1
96.1
85.5
85.5
85.5
85.5
78.3
78.3
78.3
78.3
