66.8
66.8
66.8
76.8
76.8
76.8
76.8
85.8
85.8
85.8
85.8
93.2
93.2
93.2
93.2
98.7
98.7
98.7
98.7
100
100
100
100
100
100
100
100
100
100
100
100
96.5
96.5
96.5
96.5
90.4
90.4
90.4
90.4
85.5
85.5
85.5
85.5
77.2
77.2
77.2
77.2
66.5
66.5
66.5
66.5
55.5
55.5
55.5
55.5
46.9
46.9
46.9
46.9
35.5
35.5
35.5
35.5
24.6
24.6
24.6
24.6
16.1
16.1
16.1
16.1
6.5
6.5
6.5
6.5
0
0
0
0
0
0
0
0
0
0
0
0
0
0
0
0
0
0
0
0
0.1
0.1
0.1
0.1
3.1
3.1
3.1
3.1
6.8
6.8
6.8
6.8
12.3
12.3
12.3
12.3
16.4
16.4
16.4
16.4
21.6
21.6
21.6
21.6
28.2
28.2
28.2
28.2
33.3
33.3
33.3
33.3
39.6
39.6
39.6
39.6
45
45
45
45
50.2
50.2
50.2
50.2
55.1
55.1
55.1
55.1
58.9
58.9
58.9
58.9
61.6
61.6
61.6
61.6
64.3
64.3
64.3
64.3
65.2
65.2
65.2
65.2
65.3
65.3
65.3
65.3
63.9
63.9
63.9
63.9
62.2
62.2
62.2
62.2
59
59
59
59
55.3
55.3
55.3
55.3
51.9
51.9
51.9
51.9
47.7
47.7
47.7
47.7
42.9
42.9
42.9
42.9
37.8
37.8
37.8
37.8
34.2
34.2
34.2
34.2
30.5
30.5
30.5
30.5
26.5
26.5
26.5
26.5
23.6
23.6
23.6
23.6
21.2
21.2
21.2
21.2
19.4
19.4
19.4
19.4
17.7
17.7
17.7
17.7
16.6
16.6
16.6
16.6
16.2
16.2
16.2
16.2
17.2
17.2
17.2
17.2
17.8
17.8
17.8
17.8
18.6
18.6
18.6
18.6
20.8
20.8
20.8
20.8
23.9
23.9
23.9
23.9
26
26
26
26
29.8
29.8
29.8
29.8
33.8
33.8
33.8
33.8
36.8
36.8
36.8
36.8
40.1
40.1
40.1
40.1
44.3
44.3
44.3
44.3
47.4
47.4
47.4
47.4
50
50
50
50
52.1
52.1
52.1
52.1
53.6
53.6
53.6
53.6
54.4
54.4
54.4
54.4
55.3
55.3
55.3
55.3
54.6
54.6
54.6
54.6
53.9
53.9
53.9
53.9
53
53
53
53
51.2
51.2
51.2
51.2
48
48
48
48
45.8
45.8
45.8
45.8
42.6
42.6
42.6
42.6
39.1
39.1
39.1
39.1
36.1
36.1
36.1
36.1
34.2
34.2
34.2
34.2
31.4
31.4
31.4
31.4
28.5
28.5
28.5
28.5
26.1
26.1
26.1
26.1
24.3
24.3
24.3
24.3
23.1
23.1
23.1
23.1
22.4
22.4
22.4
22.4
21.8
21.8
21.8
21.8
22
22
22
22
22.2
22.2
22.2
22.2
23.3
23.3
23.3
23.3
24.5
24.5
24.5
24.5
27.2
27.2
27.2
27.2
30.1
30.1
30.1
