67.8
67.8
89.7
89.7
89.7
89.7
100
100
100
100
100
100
100
100
100
100
100
100
100
100
100
100
100
100
100
100
93.8
93.8
93.8
93.8
83.8
83.8
83.8
83.8
69.5
69.5
69.5
69.5
60.5
60.5
60.5
60.5
40.6
40.6
40.6
40.6
22.2
22.2
22.2
22.2
8.8
8.8
8.8
8.8
0
0
0
0
0
0
0
0
0
0
0
0
0
0
0
0
0
0
0
0
0.6
0.6
0.6
0.6
4.1
4.1
4.1
4.1
12
12
12
12
22.8
22.8
22.8
22.8
34.1
34.1
34.1
34.1
44.6
44.6
44.6
44.6
57.5
57.5
57.5
57.5
71.1
71.1
71.1
71.1
79.7
79.7
79.7
79.7
90.9
90.9
90.9
90.9
96.5
96.5
96.5
96.5
99.9
99.9
99.9
99.9
100
100
100
100
94.8
94.8
94.8
94.8
86.7
86.7
86.7
86.7
79.5
79.5
79.5
79.5
64.1
64.1
64.1
64.1
47.9
47.9
47.9
47.9
29.3
29.3
29.3
29.3
13.6
13.6
13.6
13.6
0
0
0
0
0
0
0
0
0
0
0
0
0
0
0
0
0
0
0
0
0
0
0
0
0.9
0.9
0.9
0.9
6.5
6.5
6.5
6.5
13.8
13.8
13.8
13.8
20.4
20.4
20.4
20.4
32.5
32.5
32.5
32.5
45.1
45.1
45.1
45.1
57.2
57.2
57.2
57.2
65
65
65
65
76.7
76.7
76.7
76.7
84.4
84.4
84.4
84.4
89
89
89
89
92.6
92.6
92.6
92.6
92
92
92
92
87.5
87.5
87.5
87.5
83
83
83
83
72.1
72.1
72.1
72.1
59.3
59.3
59.3
59.3
48.8
48.8
48.8
48.8
31.2
31.2
31.2
31.2
14.5
14.5
14.5
14.5
0
0
0
0
0
0
0
0
0
0
0
0
0
0
0
0
0
0
0
0
