0
58.4
58.4
58.4
58.4
100
100
100
100
100
100
100
100
100
100
100
100
100
100
100
100
100
100
100
100
100
100
100
100
100
100
100
100
92.1
92.1
92.1
92.1
77.3
77.3
77.3
77.3
53.8
53.8
53.8
53.8
22.5
22.5
22.5
22.5
0
0
0
0
0
0
0
0
0
0
0
0
0
0
0
0
0
0
0
0
0
0
0
0
0
0
0
0
0
0
0
0
0
0
0
0
0.2
0.2
0.2
0.2
5.4
5.4
5.4
5.4
15.8
15.8
15.8
15.8
30.6
30.6
30.6
30.6
47.8
47.8
47.8
47.8
66.2
66.2
66.2
66.2
85.1
85.1
85.1
85.1
100
100
100
100
100
100
100
100
100
100
100
100
100
100
100
100
100
100
100
100
97.7
97.7
97.7
97.7
88
88
88
88
70.6
70.6
70.6
70.6
48.4
48.4
48.4
48.4
20
20
20
20
0
0
0
0
0
0
0
0
0
0
0
0
0
0
0
0
0
0
0
0
0
0
0
0
0
0
0
0
0
0
0
0
0
0
0
0
0
0
0
0
4.1
4.1
4.1
4.1
13.9
13.9
13.9
13.9
27.4
27.4
27.4
27.4
42.6
42.6
42.6
42.6
59.9
59.9
59.9
59.9
78.9
78.9
78.9
78.9
96.9
96.9
96.9
96.9
100
100
100
100
100
100
100
100
100
100
100
100
100
100
100
100
98.3
98.3
98.3
98.3
88.8
88.8
88.8
88.8
73.7
73.7
73.7
73.7
51.3
51.3
51.3
51.3
22.6
22.6
22.6
22.6
0
0
0
0
0
0
0
0
0
0
0
0
0
0
0
0
0
0
0
0
0
0
0
0
0
0
0
0
0
0
0
0
0
0
0
0
0
0
0
0
4.8
4.8
4.8
4.8
12.9
12.9
12.9
12.9
25.9
25.9
25.9
25.9
42.2
42.2
42.2
42.2
61
61
61
61
79.3
79.3
79.3
79.3
98.3
98.3
98.3
98.3
100
100
100
100
100
100
100
100
100
100
100
100
100
100
100
100
98.5
98.5
98.5
98.5
89.6
89.6
89.6
89.6
73.2
73.2
73.2
73.2
49.8
49.8
49.8
49.8
22.6
22.6
22.6
22.6
0
0
0
0
0
0
0
0
0
0
0
0
0
0
0
0
0
0
0
0
0
0
0
0
0
0
0
0
0
0
0
0
0
0
0
0
0
0
0
0
3.7
3.7
3.7
3.7
12.4
12.4
12.4
12.4
25.4
25.4
25.4
25.4
39.7
39.7
39.7
39.7
56.3
56.3
56.3
56.3
74.6
74.6
74.6
74.6
92.3
92.3
92.3
92.3
100
100
100
100
100
100
100
100
100
100
100
100
100
100
100
100
100
100
100
100
94.2
94.2
94.2
94.2
81.2
81.2
81.2
81.2
62.8
62.8
62.8
62.8
37.4
37.4
37.4
37.4
6.8
6.8
6.8
6.8
0
0
0
0
0
0
0
0
0
0
0
0
0
0
0
0
0
0
0
0
0
0
0
0
0
0
0
0
0
0
0
0
0
0
0
0
1
1
1
1
7.5
7.5
7.5
7.5
16.6
16.6
16.6
16.6
30.2
30.2
30.2
30.2
47.7
47.7
47.7
47.7
65.4
65.4
65.4
65.4
84.5
84.5
