0
0
94
94
94
94
100
100
100
100
100
100
100
100
100
100
100
100
100
100
100
100
100
100
100
100
100
100
100
100
100
100
100
100
91.8
91.8
91.8
91.8
72.1
72.1
72.1
72.1
41.5
41.5
41.5
41.5
6.3
6.3
6.3
6.3
0
0
0
0
0
0
0
0
0
0
0
0
0
0
0
0
0
0
0
0
0
0
0
0
0
0
0
0
0
0
0
0
0
0
0
0
1.6
1.6
1.6
1.6
9.3
9.3
9.3
9.3
22.1
22.1
22.1
22.1
38.6
38.6
38.6
38.6
56.2
56.2
56.2
56.2
75.5
75.5
75.5
75.5
95.4
95.4
95.4
95.4
100
100
100
100
100
100
100
100
100
100
100
100
100
100
100
100
100
100
100
100
94.5
94.5
94.5
94.5
80.4
80.4
80.4
80.4
61.2
61.2
61.2
61.2
34.4
34.4
34.4
34.4
1.3
1.3
1.3
1.3
0
0
0
0
0
0
0
0
0
0
0
0
0
0
0
0
0
0
0
0
0
0
0
0
0
0
0
0
0
0
0
0
0
0
0
0
1
1
1
1
7.6
7.6
7.6
7.6
18
18
18
18
32.9
32.9
32.9
32.9
50.7
50.7
50.7
50.7
70.4
70.4
70.4
70.4
89.3
89.3
89.3
89.3
100
100
100
100
100
100
100
100
100
100
100
100
