0
0
5.9
5.9
5.9
5.9
12.8
12.8
12.8
12.8
20.1
20.1
20.1
20.1
27.5
27.5
27.5
27.5
35
35
35
35
42.7
42.7
42.7
42.7
50.3
50.3
50.3
50.3
57.9
57.9
57.9
57.9
65
65
65
65
71.4
71.4
71.4
71.4
76.9
76.9
76.9
76.9
81.4
81.4
81.4
81.4
84.6
84.6
84.6
84.6
86.1
86.1
86.1
86.1
85.6
85.6
85.6
85.6
83.5
83.5
83.5
83.5
79.1
79.1
79.1
79.1
72.4
72.4
72.4
72.4
64.2
64.2
64.2
64.2
53.9
53.9
53.9
53.9
41.9
41.9
41.9
41.9
28.1
28.1
28.1
28.1
13.5
13.5
13.5
13.5
0
0
0
0
0
0
0
0
0
0
0
0
0
0
0
0
0
0
0
0
0
0
0
0
0
0
0
0
0
0
0
0
0
0
0
0
0
0
0
0
0
0
0
0
0.5
0.5
0.5
0.5
2.9
2.9
2.9
2.9
6.5
6.5
6.5
6.5
11.7
11.7
11.7
11.7
18
18
18
18
25
25
25
25
32.8
32.8
32.8
32.8
41.3
41.3
41.3
41.3
50.1
50.1
50.1
50.1
58.5
58.5
58.5
58.5
66.6
66.6
66.6
66.6
74.1
74.1
74.1
74.1
80.6
80.6
80.6
80.6
85.8
85.8
85.8
85.8
89.5
89.5
89.5
89.5
91.4
91.4
91.4
91.4
91.6
91.6
91.6
91.6
89.5
89.5
89.5
89.5
85.1
85.1
85.1
85.1
79
79
79
79
70.4
70.4
70.4
70.4
59.5
59.5
59.5
59.5
46.4
46.4
46.4
46.4
32.3
32.3
32.3
32.3
16.3
16.3
16.3
16.3
0
0
0
0
0
0
0
0
0
0
0
0
0
0
0
0
0
0
0
0
0
0
0
0
0
0
0
0
0
0
0
0
0
0
0
0
0
0
0
0
0
0
0
0
0
0
0
0
1.3
1.3
1.3
1.3
4.5
4.5
4.5
4.5
9.3
9.3
9.3
9.3
15
15
15
15
22.1
22.1
22.1
22.1
30
30
30
30
38.5
38.5
38.5
38.5
47
47
47
47
55.6
55.6
55.6
55.6
63.7
63.7
63.7
63.7
71.3
71.3
71.3
71.3
78.2
78.2
78.2
78.2
84
84
84
84
88.1
88.1
88.1
88.1
90.9
90.9
90.9
90.9
91.7
91.7
91.7
91.7
90.2
90.2
90.2
90.2
86.9
86.9
86.9
86.9
81.1
81.1
81.1
81.1
72.8
72.8
72.8
72.8
62.1
62.1
62.1
62.1
49.8
49.8
49.8
49.8
35.5
35.5
35.5
35.5
19.5
19.5
19.5
19.5
2.9
2.9
2.9
2.9
0
0
0
0
0
0
0
0
0
0
0
0
0
0
0
0
0
