520
603
674
726
750
712
657
599
548
513
486
439
445
469
479
497
562
616
648
655
647
629
599
575
548
502
487
467
448
450
471
482
514
542
549
609
656
682
692
686
646
563
478
417
412
408
415
447
442
814
895
787
669
566
510
493
422
303
303
244
255
249
261
362
397
417
499
521
613
622
580
592
506
461
408
400
398
401
348
276
197
121
209
378
424
434
460
483
609
621
490
372
330
331
417
457
507
474
341
206
118
166
254
282
324
444
545
583
594
543
471
470
149
120
267
473
573
501
436
408
499
510
700
838
772
694
534
