0
0
0
0
38.4
38.4
38.4
38.4
77.6
77.6
77.6
77.6
100
100
100
100
100
100
100
100
100
100
100
100
100
100
100
100
100
100
100
100
100
100
100
100
100
100
100
100
98.8
98.8
98.8
98.8
88.4
88.4
88.4
88.4
66.2
66.2
66.2
66.2
33.1
33.1
33.1
33.1
0
0
0
0
0
0
0
0
0
0
0
0
0
0
0
0
0
0
0
0
0
0
0
0
0
0
0
0
0
0
0
0
0
0
0
0
0
0
0
0
0
0
0
0
0
0
0
0
0
0
0
0
1
1
1
1
10.2
10.2
10.2
10.2
25.4
25.4
25.4
25.4
47.7
47.7
47.7
47.7
75.5
75.5
75.5
75.5
100
100
100
100
100
100
100
100
100
100
100
100
100
100
100
100
100
100
100
100
100
100
100
100
100
100
100
100
100
100
100
100
99
99
99
99
88.4
88.4
88.4
88.4
68.1
68.1
68.1
68.1
41.4
41.4
41.4
41.4
6.2
6.2
6.2
6.2
0
0
0
0
0
0
0
0
0
0
0
0
0
0
0
0
0
0
0
0
0
0
0
0
0
0
0
0
0
0
0
0
0
0
0
0
0
0
0
0
0
0
0
0
2.5
2.5
2.5
2.5
11.6
11.6
11.6
11.6
28.4
28.4
28.4
28.4
52.2
52.2
52.2
52.2
80.4
80.4
80.4
80.4
100
100
100
100
100
100
100
100
100
100
100
100
100
100
100
100
100
100
100
100
100
100
100
100
100
100
100
100
100
100
100
100
100
100
100
100
92.3
92.3
92.3
92.3
77.5
77.5
77.5
77.5
54.1
54.1
54.1
54.1
22.1
22.1
22.1
22.1
0
0
0
0
0
0
0
0
0
0
0
0
0
0
0
0
0
0
0
0
0
0
0
0
0
0
0
0
0
0
0
0
0
0
0
0
0
0
0
0
0
0
0
0
0
0
0
0
5.1
5.1
5.1
5.1
17.8
17.8
17.8
17.8
35.7
35.7
35.7
35.7
60.4
60.4
60.4
60.4
90.2
90.2
90.2
90.2
100
100
100
100
100
100
100
100
100
100
100
100
100
100
100
100
100
100
100
100
100
100
100
100
100
100
100
100
100
100
100
100
100
100
100
100
92
92
92
92
75.1
75.1
75.1
75.1
53.2
53.2
53.2
53.2
23.3
23.3
23.3
23.3
0
0
0
0
0
0
0
0
0
0
0
0
0
0
0
0
0
0
0
0
0.5
