0
0
0
0
0
0
0
0
0
0
0
0
0
0
0
0
0
0
0
0
0
0
0
0
0
0
0
0
0
0
0
0
0
0
0
0
0
0
0
0
0
0
0
0
0
0
0.3
0.3
0.3
0.3
1.3
1.3
1.3
1.3
2.7
2.7
2.7
2.7
4.5
4.5
10
10
6.7
6.7
100
100
9.3
9.3
9.3
9.3
12.2
12.2
12.2
12.2
15.3
15.3
15.3
15.3
18.6
18.6
18.6
18.6
22
22
22
22
25.4
25.4
25.4
25.4
28.8
28.8
28.8
28.8
32.1
32.1
32.1
32.1
35.4
35.4
35.4
35.4
38.6
38.6
38.6
38.6
41.7
41.7
41.7
41.7
44.7
44.7
44.7
44.7
47.4
47.4
47.4
47.4
49.9
49.9
49.9
49.9
52.1
52.1
52.1
52.1
54
54
54
54
55.7
55.7
55.7
55.7
56.9
56.9
56.9
56.9
57.7
57.7
57.7
57.7
58.2
58.2
58.2
58.2
58.2
58.2
58.2
58.2
57.8
57.8
57.8
57.8
56.9
56.9
56.9
56.9
55.8
55.8
55.8
55.8
54.1
54.1
54.1
54.1
52.1
52.1
52.1
52.1
49.8
49.8
49.8
49.8
47.1
47.1
47.1
47.1
44
44
44
44
40.6
40.6
40.6
40.6
37
37
37
