0
0
0
0
0
0
0
0
0
0
0
0
0
0
0
0
3.4
3.4
3.4
3.4
15.8
15.8
15.8
15.8
29.9
29.9
29.9
29.9
47.3
47.3
47.3
47.3
64.6
64.6
64.6
64.6
80.6
80.6
80.6
80.6
91.9
91.9
91.9
91.9
100
100
100
100
100
100
100
100
99.9
99.9
99.9
99.9
95
95
95
95
83.9
83.9
83.9
83.9
65.7
65.7
65.7
65.7
47.2
47.2
47.2
47.2
22.1
22.1
22.1
22.1
0
0
0
0
0
0
0
0
0
0
0
0
0
0
0
0
0
0
0
0
0
0
0
0
0
0
0
0
1.6
1.6
1.6
1.6
5.3
5.3
5.3
5.3
12.4
12.4
12.4
12.4
21.6
21.6
21.6
21.6
31.8
31.8
31.8
31.8
40.4
40.4
40.4
40.4
50.7
50.7
50.7
50.7
59.8
59.8
59.8
59.8
66.6
66.6
66.6
66.6
73.4
73.4
73.4
73.4
77.4
77.4
77.4
77.4
78.5
78.5
78.5
78.5
76.4
76.4
76.4
76.4
71.1
71.1
71.1
71.1
61.7
61.7
61.7
61.7
51
51
51
51
37.2
37.2
37.2
37.2
21.1
21.1
21.1
21.1
3.4
3.4
3.4
3.4
0
0
0
0
0
0
0
0
0
0
0
0
0
0
0
0
0
0
0
0
0
0
0
0
1.3
1.3
1.3
1.3
3.8
3.8
3.8
3.8
9.1
9.1
9.1
9.1
18.3
18.3
18.3
18.3
25.5
25.5
25.5
25.5
35.5
35.5
35.5
35.5
47.3
47.3
47.3
47.3
59.9
59.9
59.9
59.9
70.2
70.2
70.2
70.2
