71.6
71.6
94
94
94
94
100
100
100
100
100
100
100
100
100
100
100
100
100
100
100
100
100
100
100
100
92.8
92.8
92.8
92.8
80.7
80.7
80.7
80.7
65.5
65.5
65.5
65.5
55.3
55.3
55.3
55.3
32.6
32.6
32.6
32.6
11.7
11.7
11.7
11.7
0
0
0
0
0
0
0
0
0
0
0
0
0
0
0
0
0
0
0
0
0
0
0
0
0
0
0
0
2.6
2.6
2.6
2.6
9.4
9.4
9.4
9.4
17.9
17.9
17.9
17.9
29.7
29.7
29.7
29.7
39.4
39.4
39.4
39.4
52.8
52.8
52.8
52.8
65.5
65.5
65.5
65.5
74.9
74.9
74.9
74.9
85
85
85
85
94.3
94.3
94.3
94.3
96.9
96.9
96.9
96.9
98.5
98.5
98.5
98.5
95.9
95.9
95.9
95.9
87.5
87.5
87.5
87.5
80.1
80.1
80.1
80.1
64.4
64.4
64.4
64.4
47
47
47
47
25.2
25.2
25.2
25.2
9.5
9.5
9.5
9.5
0
0
0
0
0
0
0
0
0
0
0
0
0
0
0
0
0
0
0
0
0
0
0
0
0
0
0
0
3.1
3.1
3.1
3.1
10.6
10.6
10.6
10.6
14.5
14.5
14.5
14.5
25.4
25.4
25.4
25.4
36.8
36.8
36.8
36.8
49
49
49
49
56.8
56.8
56.8
56.8
67.2
67.2
67.2
67.2
75.5
75.5
75.5
75.5
80.1
80.1
80.1
80.1
84.3
84.3
84.3
84.3
84.3
84.3
84.3
84.3
81.8
81.8
81.8
81.8
77.8
77.8
77.8
77.8
69.2
69.2
69.2
69.2
57.6
57.6
57.6
57.6
46.7
46.7
46.7
46.7
30.5
30.5
30.5
30.5
12.3
12.3
12.3
12.3
0
0
0
0
0
0
0
0
0
0
0
0
0
0
0
0
0
0
0
0
