0
0
0
0
0
0
0
0
0
0
0
0
0
0
0
0
0
0
0
0
0
0
0
0
0
0
0
0
0
0
0
0
0
0
0
0
5
5
5
5
20.7
20.7
20.7
20.7
43.4
43.4
43.4
43.4
61.3
61.3
61.3
61.3
94.6
94.6
94.6
94.6
100
100
100
100
100
100
100
100
100
100
100
100
96.5
96.5
96.5
96.5
77.5
77.5
77.5
77.5
49.8
49.8
49.8
49.8
3.6
3.6
3.6
3.6
0
0
0
0
0
0
0
0
0
0
0
0
0
0
0
0
0
0
0
0
0
0
0
0
0
0
0
0
6.1
6.1
6.1
6.1
11.2
11.2
11.2
11.2
29.9
29.9
29.9
29.9
59.7
59.7
59.7
59.7
88.5
88.5
88.5
88.5
100
100
100
100
100
100
100
100
100
100
100
100
99.8
99.8
99.8
99.8
88
88
88
88
59.4
59.4
59.4
59.4
12.8
12.8
12.8
12.8
0
0
0
0
0
0
0
0
0
0
0
0
0
0
0
0
0
0
0
0
0
0
0
0
0
0
0
0
0
0
0
0
13
13
13
13
36.7
36.7
36.7
36.7
51.3
51.3
51.3
51.3
80.1
80.1
80.1
80.1
100
100
100
100
100
100
100
100
100
100
100
100
100
100
100
100
84.5
84.5
84.5
84.5
64.4
64.4
64.4
64.4
22.1
22.1
22.1
22.1
0
0
0
0
0
0
0
0
0
0
0
0
0
0
0
0
0
0
0
0
0
0
0
0
0
0
0
0
26.8
26.8
