87.3
87.3
87.3
95.6
95.6
95.6
95.6
100
100
100
100
100
100
100
100
100
100
100
100
99.5
99.5
99.5
99.5
94.9
94.9
94.9
94.9
88
88
88
88
79.4
79.4
79.4
79.4
72.3
72.3
72.3
72.3
61.3
61.3
61.3
61.3
49
49
49
49
40.8
40.8
40.8
40.8
29.4
29.4
29.4
29.4
19.5
19.5
19.5
19.5
9.7
9.7
9.7
9.7
3.4
3.4
3.4
3.4
0
0
0
0
0
0
0
0
0
0
0
0
0
0
0
0
0.7
0.7
0.7
0.7
2.9
2.9
2.9
2.9
5.1
5.1
5.1
5.1
9.6
9.6
9.6
9.6
14.9
14.9
14.9
14.9
19.2
19.2
19.2
19.2
24.4
24.4
24.4
24.4
30
30
30
30
35.8
35.8
35.8
35.8
39.2
39.2
39.2
39.2
43.6
43.6
43.6
43.6
47.4
47.4
47.4
47.4
49.4
49.4
49.4
49.4
51.6
51.6
51.6
51.6
52.5
52.5
52.5
52.5
52.9
52.9
52.9
52.9
52.4
52.4
52.4
52.4
50.7
50.7
50.7
50.7
48.8
48.8
48.8
48.8
46.9
46.9
46.9
46.9
43.5
43.5
43.5
43.5
39.9
39.9
39.9
39.9
36.8
36.8
36.8
36.8
34.2
34.2
34.2
34.2
30.8
30.8
30.8
30.8
27.2
27.2
27.2
27.2
25.5
25.5
25.5
25.5
23
23
23
23
21.8
21.8
21.8
21.8
20.5
20.5
20.5
20.5
19.8
19.8
19.8
19.8
19.7
19.7
19.7
19.7
20.3
20.3
20.3
20.3
20.3
20.3
20.3
20.3
21.6
21.6
21.6
21.6
23.7
23.7
23.7
23.7
25.9
25.9
25.9
25.9
26.9
26.9
26.9
26.9
29.3
29.3
29.3
29.3
31.2
31.2
31.2
31.2
32.5
32.5
32.5
32.5
34.5
34.5
34.5
34.5
35.9
35.9
35.9
35.9
37.5
37.5
37.5
37.5
37.8
37.8
37.8
37.8
38.7
38.7
38.7
38.7
39.1
39.1
39.1
39.1
39.4
39.4
39.4
39.4
39.1
39.1
39.1
39.1
38.8
38.8
38.8
38.8
37.8
37.8
37.8
37.8
37.4
37.4
37.4
37.4
36.2
36.2
36.2
36.2
35.1
35.1
35.1
35.1
33.9
33.9
33.9
33.9
32.6
32.6
32.6
32.6
32
32
32
32
30.5
30.5
30.5
30.5
29.8
29.8
29.8
29.8
29.6
29.6
29.6
29.6
28.8
28.8
28.8
28.8
27.9
27.9
27.9
27.9
27.6
27.6
27.6
27.6
27.4
27.4
27.4
27.4
27.1
27.1
27.1
27.1
27.6
27.6
27.6
27.6
28
28
28
28
28.4
28.4
28.4
28.4
28.9
28.9
28.9
28.9
29.5
29.5
29.5
29.5
30
30
30
30
30.6
30.6
30.6
30.6
31.1
31.1
31.1
31.1
32.5
32.5
32.5
32.5
32.5
32.5
32.5
32.5
33.2
33.2
33.2
33.2
33.3
33.3
33.3
33.3
33.4
33.4
33.4
33.4
33.5
33.5
33.5
33.5
33.6
33.6
33.6
33.6
