66.8
66.8
66.8
76.8
76.8
76.8
76.8
85.2
85.2
85.2
85.2
91.8
91.8
91.8
91.8
96.6
96.6
96.6
96.6
99.3
99.3
99.3
99.3
99.7
99.7
99.7
99.7
99.8
99.8
99.8
99.8
95.4
95.4
95.4
95.4
89
89
89
89
83.7
83.7
83.7
83.7
74.4
74.4
74.4
74.4
63.4
63.4
63.4
63.4
51.3
51.3
51.3
51.3
42.3
42.3
42.3
42.3
29.1
29.1
29.1
29.1
17
17
17
17
7.3
7.3
7.3
7.3
0
0
0
0
0
0
0
0
0
0
0
0
0
0
0
0
0
0
0
0
0
0
0
0
0
0
0
0
1.7
1.7
1.7
1.7
4.5
4.5
4.5
4.5
8.6
8.6
8.6
8.6
11.9
11.9
11.9
11.9
17.2
17.2
17.2
17.2
23
23
23
23
27.4
27.4
27.4
27.4
33.6
33.6
33.6
33.6
39.7
39.7
39.7
39.7
45.7
45.7
45.7
45.7
49.4
49.4
49.4
49.4
54
54
54
54
57.7
57.7
57.7
57.7
60.1
60.1
60.1
60.1
61.3
61.3
61.3
61.3
61.8
61.8
61.8
61.8
60.9
60.9
60.9
60.9
59.8
59.8
59.8
59.8
57.2
57.2
57.2
57.2
54.1
54.1
54.1
54.1
50.9
50.9
50.9
50.9
45.9
45.9
45.9
45.9
40.5
40.5
40.5
40.5
35.4
35.4
35.4
35.4
30.4
30.4
30.4
30.4
25.2
25.2
25.2
25.2
19.6
19.6
19.6
19.6
16.4
16.4
16.4
16.4
12.3
12.3
12.3
12.3
9.4
9.4
9.4
9.4
7.1
7.1
7.1
7.1
4.8
4.8
4.8
4.8
5.1
5.1
5.1
5.1
5.6
5.6
5.6
5.6
6.4
6.4
6.4
6.4
8.6
8.6
8.6
8.6
11.9
11.9
11.9
11.9
16.2
16.2
16.2
16.2
18.9
18.9
18.9
18.9
23.3
23.3
23.3
23.3
28.7
28.7
28.7
28.7
31.8
31.8
31.8
31.8
36.7
36.7
36.7
36.7
41.7
41.7
41.7
41.7
45.8
45.8
45.8
45.8
48.8
48.8
48.8
48.8
51.9
51.9
51.9
51.9
53.8
53.8
53.8
53.8
55.8
55.8
55.8
55.8
56.4
56.4
56.4
56.4
55.6
55.6
55.6
55.6
53.9
53.9
53.9
53.9
52.6
52.6
52.6
52.6
49.9
49.9
49.9
49.9
46.7
46.7
46.7
46.7
43.9
43.9
43.9
43.9
40.2
40.2
40.2
40.2
35.4
35.4
35.4
35.4
31.7
31.7
31.7
31.7
28.2
28.2
28.2
28.2
24.6
24.6
24.6
24.6
20.7
20.7
20.7
20.7
17.9
17.9
17.9
17.9
15
15
15
15
13.3
13.3
13.3
13.3
12.3
12.3
12.3
12.3
11.9
11.9
11.9
11.9
12.3
12.3
12.3
12.3
12.9
12.9
12.9
12.9
13.7
13.7
13.7
13.7
15.9
15.9
15.9
15.9
19
19
19
19
22.5
22.5
22.5
