0
0
0
0
0
0
0
0
0
0
0
0
0
0
0
0
0
0
0
0
0
0
0
0
0
0
0
0
0
0
0
0
0
0
0
0
4.5
4.5
4.5
4.5
9.6
9.6
9.6
9.6
21.8
21.8
21.8
21.8
37.6
37.6
37.6
37.6
48.9
48.9
48.9
48.9
65.4
65.4
65.4
65.4
81.3
81.3
81.3
81.3
94.5
94.5
94.5
94.5
100
100
100
100
100
100
100
100
95.2
95.2
95.2
95.2
90.1
90.1
90.1
90.1
72.3
72.3
72.3
72.3
49.1
49.1
49.1
49.1
19.8
19.8
19.8
19.8
0
0
0
0
0
0
0
0
0
0
0
0
0
0
0
0
0
0
0
0
0
0
0
0
0
0
0
0
0
0
0
0
5.6
5.6
5.6
5.6
16.6
16.6
16.6
16.6
25
25
25
25
40.7
40.7
40.7
40.7
56.4
56.4
56.4
56.4
71.5
71.5
71.5
71.5
82.5
82.5
82.5
82.5
94.3
94.3
94.3
94.3
100
100
100
100
100
100
100
100
95.5
95.5
95.5
95.5
82.7
82.7
82.7
82.7
73.1
73.1
73.1
73.1
42.4
42.4
42.4
42.4
11.8
11.8
11.8
11.8
0
0
0
0
0
0
0
0
0
0
0
0
0
0
0
0
0
0
0
0
0
0
0
0
0
0
0
0
1.8
1.8
1.8
1.8
4.8
4.8
4.8
4.8
14.7
14.7
14.7
14.7
26.4
26.4
26.4
26.4
31.5
31.5
31.5
31.5
52.2
52.2
52.2
52.2
68.4
68.4
68.4
68.4
82.4
82.4
82.4
82.4
91.8
91.8
91.8
91.8
100
100
100
100
100
100
100
100
97.2
97.2
97.2
97.2
