39.87
39.87
39.56
39.56
39.25
39.25
38.87
38.87
38.68
38.68
38.37
38.37
38
38
37.56
37.56
37.18
37.18
36.81
36.81
36.43
36.43
36.25
36.25
35.93
35.93
35.56
35.56
35.25
35.25
34.93
34.93
34.68
34.68
34.5
34.5
34.43
34.43
34.25
34.25
34.18
34.18
34.12
34.12
34.18
34.18
34.25
34.25
34.43
34.43
34.56
34.56
34.81
34.81
35.12
35.12
35.43
35.43
35.81
35.81
36.18
36.18
36.62
36.62
36.81
36.81
37.18
37.18
37.62
37.62
38.06
38.06
38.5
38.5
38.87
38.87
39.31
39.31
39.5
39.5
39.87
39.87
40.18
40.18
40.37
40.37
40.5
40.5
40.5
40.5
40.43
40.43
40.37
40.37
40.25
40.25
40.12
40.12
39.87
39.87
39.68
39.68
39.43
39.43
39.12
39.12
39
39
38.68
38.68
38.43
38.43
38.12
38.12
37.75
37.75
37.43
37.43
37.12
37.12
37
37
36.68
36.68
36.43
36.43
36.25
36.25
36.06
36.06
36
36
35.87
35.87
35.87
35.87
35.87
35.87
35.87
35.87
36
36
36.12
36.12
36.37
36.37
36.56
36.56
36.68
36.68
37
37
37.31
37.31
37.62
37.62
38
38
38.37
38.37
38.75
38.75
38.93
38.93
39.31
39.31
39.62
39.62
39.87
39.87
40.12
40.12
40.31
40.31
40.5
40.5
40.5
40.5
40.56
40.56
40.56
40.56
40.5
40.5
40.37
40.37
40.18
40.18
39.93
39.93
39.87
39.87
39.62
39.62
39.37
39.37
39.12
39.12
38.81
38.81
38.5
38.5
38.18
38.18
38
38
37.68
37.68
37.37
37.37
37.06
37.06
36.81
36.81
36.56
36.56
36.37
36.37
36.25
36.25
36.12
36.12
36
36
35.87
35.87
35.87
35.87
35.87
35.87
35.93
35.93
36
36
36.12
36.12
36.37
36.37
36.62
36.62
