25.06
25
25
25
25
25
25
25
25
24.93
24.93
24.93
24.93
24.93
24.93
24.93
24.93
25
25
25.18
25.18
25.37
25.37
25.75
25.75
26.12
26.12
26.56
26.56
26.81
26.81
27.31
27.31
27.93
27.93
28.56
28.56
29.18
29.18
29.81
29.81
30.5
30.5
30.81
30.81
31.5
31.5
32.18
32.18
32.81
32.81
33.5
33.5
34.06
34.06
34.62
34.62
34.87
34.87
35.31
35.31
35.75
35.75
36.06
36.06
36.31
36.31
36.43
36.43
36.62
36.62
36.62
36.62
36.68
36.68
36.62
36.62
36.5
36.5
36.37
36.37
36.18
36.18
36
36
35.93
35.93
35.68
35.68
35.43
35.43
35.18
35.18
34.93
34.93
34.62
34.62
34.37
34.37
34.25
34.25
34
34
33.75
33.75
33.5
33.5
33.31
33.31
33.06
33.06
32.93
32.93
32.87
32.87
32.81
32.81
32.75
32.75
32.81
32.81
32.93
32.93
33.06
33.06
33.31
33.31
33.43
33.43
33.75
33.75
34.06
34.06
34.43
34.43
34.87
34.87
35.31
35.31
35.75
35.75
36
36
36.5
36.5
36.93
36.93
37.37
37.37
37.87
37.87
38.31
38.31
38.81
38.81
39
39
39.43
39.43
39.81
39.81
40.12
40.12
40.31
40.31
40.5
40.5
40.56
40.56
40.62
40.62
40.62
40.62
40.5
40.5
40.37
40.37
40.12
40.12
39.87
39.87
39.62
39.62
39.5
39.5
39.18
39.18
38.93
38.93
38.62
38.62
38.31
38.31
37.93
37.93
37.62
37.62
37.43
37.43
37.06
37.06
36.68
36.68
36.31
36.31
36
36
35.68
35.68
35.43
35.43
35.31
35.31
35.12
35.12
34.93
34.93
34.81
34.81
34.75
34.75
34.75
34.75
34.81
34.81
34.87
34.87
35
35
35.18
