3818
3756
3675
3600
3537
3506
3468
3468
3481
3512
3562
3618
3656
3700
3731
3743
3743
3725
3706
3693
3668
3650
3637
3650
3662
3681
3706
3743
3787
3800
3818
3831
3837
3837
3818
3793
3781
3750
3718
3693
3693
3687
3693
3706
3743
3787
3825
3856
3887
3900
3887
3875
3875
3893
3918
3968
4031
4087
4162
4237
4293
4337
4368
4381
4375
4350
4306
4250
4206
4150
4106
4087
4075
4081
4106
4131
4175
4237
4281
4350
4412
4468
4500
4525
4512
4487
4431
4362
4293
4243
4181
4137
4112
4118
4137
4175
4231
4287
4356
4400
4456
4506
4512
4506
4475
4418
4368
4293
4212
4162
4137
4137
4150
4162
4193
4206
4206
4187
4150
4100
4050
3981
3918
3850
3806
3762
3750
