32.81
32.37
32.37
32.25
32.25
32
32
31.75
31.75
31.56
31.56
31.37
31.37
31.18
31.18
31.06
31.06
30.93
30.93
30.81
30.81
30.68
30.68
30.56
30.56
30.5
30.5
30.43
30.43
30.43
30.43
30.43
30.43
30.43
30.43
30.5
30.5
30.56
30.56
30.68
30.68
30.87
30.87
31.06
31.06
31.18
31.18
31.43
31.43
31.68
31.68
32
32
32.31
32.31
32.75
32.75
33.18
33.18
33.37
33.37
33.87
33.87
34.37
34.37
34.87
34.87
35.37
35.37
35.87
35.87
36.37
36.37
36.62
36.62
37.18
37.18
37.68
37.68
38.18
38.18
38.75
38.75
39.18
39.18
39.62
39.62
39.87
39.87
40.25
40.25
40.62
40.62
40.93
40.93
41.25
41.25
41.43
41.43
41.62
41.62
41.68
41.68
41.75
41.75
41.81
41.81
41.75
41.75
41.68
41.68
41.5
41.5
41.31
41.31
41.25
41.25
41
41
40.68
40.68
40.37
40.37
40.06
40.06
39.75
39.75
39.37
39.37
39.18
39.18
38.81
38.81
38.43
38.43
38
38
37.62
37.62
37.25
37.25
36.87
36.87
36.68
36.68
36.31
36.31
36
36
35.62
35.62
35.31
35.31
35
35
34.68
34.68
34.56
34.56
34.25
34.25
34
34
33.75
33.75
33.5
33.5
33.31
33.31
33.18
33.18
33.12
33.12
33
33
32.87
32.87
32.81
32.81
32.75
32.75
32.81
32.81
32.81
32.81
32.87
32.87
33
33
33.12
33.12
33.31
33.31
33.56
33.56
33.87
33.87
34.12
34.12
34.31
34.31
34.68
34.68
35.06
35.06
35.43
35.43
35.87
35.87
36.31
36.31
36.75
36.75
36.93
36.93
37.43
37.43
37.93
37.93
38.37
38.37
38.81
38.81
39.25
39.25
39.68
39.68
39.93
39.93
40.37
40.37
40.75
40.75
41.12
41.12
41.5
41.5
41.81
41.81
42.12
42.12
42.25
42.25
42.37
42.37
42.5
42.5
42.5
42.5
42.56
42.56
42.5
42.5
42.37
42.37
42.31
42.31
42.12
42.12
41.87
41.87
41.62
41.62
41.37
41.37
41.12
41.12
40.81
40.81
40.62
40.62
40.25
40.25
39.81
39.81
39.43
39.43
39.06
39.06
38.62
38.62
38.25
38.25
38
38
37.62
37.62
37.25
37.25
36.87
36.87
36.5
36.5
36.12
36.12
35.75
35.75
35.56
35.56
35.18
35.18
34.87
34.87
34.56
34.56
34.31
34.31
34.06
34.06
33.81
33.81
33.68
33.68
33.5
33.5
33.37
33.37
33.18
33.18
33.12
33.12
33.06
33.06
33
33
33
33
33.06
33.06
33.12
33.12
33.18
33.18
33.37
33.37
33.56
33.56
33.75
33.75
33.87
33.87
34.18
34.18
34.56
34.56
34.93
34.93
35.37
35.37
35.75
35.75
36.25
36.25
36.43
36.43
36.87
36.87
37.31
37.31
37.81
37.81
38.25
38.25
38.68
38.68
39.12
39.12
39.31
39.31
39.75
39.75
40.18
40.18
40.56
40.56
41
41
41.37
41.37
41.68
41.68
41.81
41.81
42.06
42.06
42.25
42.25
42.43
42.43
42.56
42.56
42.62
42.62
42.56
42.56
42.56
42.56
42.43
42.43
42.25
42.25
42.06
42.06
