38.25
38.25
38.37
38.37
38.5
38.5
38.56
38.56
38.5
38.5
38.43
38.43
38.37
38.37
38.31
38.31
38.18
38.18
38.06
38.06
37.87
37.87
37.68
37.68
37.5
37.5
37.25
37.25
37.12
37.12
36.87
36.87
36.68
36.68
36.43
36.43
36.18
36.18
35.93
35.93
35.62
35.62
35.5
35.5
35.25
35.25
34.93
34.93
34.68
34.68
34.43
34.43
34.18
34.18
33.87
33.87
33.68
33.68
33.43
33.43
33.12
33.12
32.87
32.87
32.62
32.62
32.37
32.37
32.12
32.12
32.06
32.06
31.81
31.81
31.68
31.68
31.5
31.5
31.37
31.37
31.25
31.25
31.12
31.12
31.06
31.06
30.93
30.93
30.87
30.87
30.81
30.81
30.68
30.68
30.62
35.65
30.62
30.62
30.62
30.62
30.62
30.62
30.68
30.68
30.68
30.68
30.75
30.75
30.81
30.81
30.87
30.87
30.93
30.93
31
31
31.12
31.12
31.25
31.25
31.37
31.37
31.5
31.5
31.62
31.62
31.75
31.75
31.87
31.87
32
32
32.18
32.18
32.37
32.37
32.56
32.56
32.75
32.75
32.87
32.87
33.12
33.12
33.37
33.37
33.62
33.62
33.87
33.87
34.06
34.06
34.37
34.37
34.5
34.5
34.75
34.75
35.06
35.06
35.37
35.37
35.62
35.62
35.93
35.93
36.25
36.25
36.37
36.37
36.68
36.68
36.87
36.87
37.12
37.12
37.37
37.37
37.62
37.62
37.87
37.87
38
38
38.25
38.25
38.43
38.43
38.62
