31.12
31.06
31.06
30.87
30.87
30.75
30.75
30.62
30.62
30.5
30.5
30.31
30.31
30.18
30.18
30.06
30.06
29.87
29.87
29.75
29.75
29.68
29.68
29.56
29.56
29.56
29.56
29.56
29.56
29.68
29.68
29.75
29.75
29.93
29.93
30.25
30.25
30.56
30.56
31
31
31.43
31.43
31.68
31.68
32.12
32.12
32.68
32.68
33.25
33.25
33.81
33.81
34.37
34.37
35
35
35.31
35.31
35.93
35.93
36.56
36.56
37.18
37.18
37.81
37.81
38.37
38.37
38.87
38.87
39.12
39.12
39.56
39.56
39.93
39.93
40.18
40.18
40.37
40.37
40.5
40.5
40.56
40.56
40.56
40.56
40.5
40.5
40.37
40.37
40.18
40.18
39.87
39.87
39.56
39.56
39.18
39.18
38.81
38.81
38.62
38.62
38.25
38.25
37.87
37.87
37.56
37.56
37.18
37.18
36.87
36.87
36.68
36.68
36.37
36.37
36
36
35.68
35.68
35.37
35.37
35.06
35.06
34.75
34.75
34.62
34.62
34.25
34.25
33.93
33.93
33.68
33.68
33.43
33.43
33.18
33.18
33.06
33.06
32.87
32.87
32.87
32.87
32.75
32.75
32.75
32.75
32.75
32.75
32.87
32.87
33.06
33.06
33.31
33.31
33.43
33.43
33.75
33.75
34.12
34.12
34.56
34.56
35
35
35.43
35.43
35.62
35.62
36.12
36.12
36.62
36.62
37.12
37.12
37.68
37.68
38.18
38.18
38.75
38.75
39.06
39.06
39.5
39.5
40
40
40.5
40.5
41
41
41.43
41.43
41.87
41.87
42.12
42.12
42.5
42.5
42.87
42.87
43.12
43.12
43.31
43.31
43.43
43.43
43.43
43.43
43.43
43.43
43.31
43.31
43.18
43.18
42.93
42.93
42.68
42.68
42.43
42.43
42.06
42.06
41.87
41.87
41.5
41.5
41.12
41.12
40.68
40.68
40.31
40.31
39.87
39.87
39.43
39.43
39.31
39.31
38.93
38.93
38.5
38.5
38.12
38.12
37.75
37.75
37.43
37.43
37.06
37.06
36.68
36.68
36.5
36.5
36.12
36.12
35.75
35.75
35.5
35.5
35.18
35.18
35.06
35.06
35
35
34.87
34.87
34.87
34.87
34.93
34.93
35
35
35.18
35.18
35.37
35.37
35.68
35.68
35.87
35.87
36.25
36.25
36.68
36.68
37.12
37.12
37.56
37.56
38
38
38.18
38.18
38.68
38.68
39.12
39.12
39.62
39.62
40.06
40.06
40.5
40.5
40.93
40.93
41.37
41.37
41.62
41.62
42
42
42.43
42.43
42.87
42.87
43.18
43.18
43.5
43.5
43.68
43.68
43.93
43.93
44.12
44.12
44.25
44.25
44.37
44.37
44.37
44.37
44.31
44.31
44.31
44.31
44.18
44.18
44
44
43.68
43.68
43.31
43.31
42.93
42.93
42.56
42.56
42.31
42.31
41.93
41.93
41.5
41.5
41.06
41.06
40.68
40.68
40.25
40.25
39.81
39.81
39.62
39.62
39.12
39.12
38.68
38.68
38.18
38.18
37.81
37.81
37.37
37.37
37
37
36.62
36.62
36.5
36.5
36.12
36.12
35.93
35.93
35.75
35.75
35.56
35.56
35.43
35.43
35.43
35.43
35.43
35.43
35.5
35.5
35.62
35.62
35.81
35.81
36.06
36.06
36.37
36.37
36.56
36.56
36.93
36.93
37.37
37.37
37.81
37.81
38.31
38.31
38.75
38.75
39.18
39.18
39.62
39.62
39.75
39.75
39.93
39.93
39.87
39.87
39.68
39.68
39.5
39.5
39.25
39.25
39.06
39.06
