28.87
28.87
28.68
28.68
28.62
28.62
28.5
28.5
28.37
28.37
28.25
28.25
28.18
28.18
28.12
28.12
28.12
28.12
28.18
28.18
28.25
28.25
28.43
28.43
28.68
28.68
29.06
29.06
29.43
29.43
29.93
29.93
30.43
30.43
30.75
30.75
31.31
31.31
31.87
31.87
32.5
32.5
33.12
33.12
33.75
33.75
34.31
34.31
34.62
34.62
35.18
35.18
35.68
35.68
36.18
36.18
36.68
36.68
37.12
37.12
37.43
37.43
37.56
37.56
37.81
37.81
38
38
38.06
38.06
38.06
38.06
38.06
38.06
38
38
37.87
37.87
37.75
37.75
37.5
37.5
37.25
37.25
37
37
36.75
36.75
36.62
36.62
36.31
36.31
36
36
35.75
35.75
35.43
35.43
35.18
35.18
34.87
34.87
34.62
34.62
34.5
34.5
34.25
34.25
34
34
33.81
33.81
33.68
33.68
33.56
33.56
33.5
33.5
33.5
33.5
33.56
33.56
33.62
33.62
33.81
33.81
34
34
34.31
34.31
34.62
34.62
34.81
34.81
35.18
35.18
35.56
35.56
36
36
36.5
36.5
37
37
37.18
37.18
37.68
37.68
38.18
38.18
38.68
38.68
39.12
39.12
39.5
39.5
39.87
39.87
40.25
40.25
40.37
40.37
40.56
40.56
40.75
40.75
40.81
40.81
40.81
40.81
40.75
40.75
40.68
40.68
40.56
40.56
40.37
40.37
40.18
40.18
40
40
39.68
39.68
39.37
39.37
39.06
39.06
38.93
38.93
38.56
38.56
38.25
38.25
37.87
37.87
37.5
37.5
37.18
37.18
36.81
36.81
36.62
36.62
36.31
36.31
36
36
35.68
35.68
35.43
35.43
35.25
35.25
35.06
35.06
35
35
34.87
34.87
34.81
34.81
34.87
34.87
34.93
34.93
35.12
35.12
35.25
35.25
35.5
35.5
35.81
35.81
36.12
36.12
36.5
36.5
36.87
36.87
37.25
37.25
37.43
37.43
37.87
37.87
38.31
38.31
38.75
38.75
39.12
39.12
39.56
39.56
39.87
39.87
40.25
40.25
40.37
40.37
40.68
40.68
40.87
40.87
41
41
41.12
41.12
41.12
41.12
41.06
41.06
41
41
40.87
40.87
40.68
40.68
40.43
40.43
40.18
40.18
39.87
39.87
39.62
39.62
39.43
39.43
39.12
39.12
38.81
38.81
38.5
38.5
38.12
38.12
37.75
37.75
37.37
37.37
37.18
37.18
36.87
36.87
36.62
36.62
36.31
36.31
36.06
36.06
35.87
35.87
35.68
35.68
35.62
35.62
35.56
35.56
35.5
35.5
35.56
35.56
35.68
35.68
35.87
35.87
36.06
36.06
36.18
36.18
36.5
36.5
36.87
36.87
37.25
37.25
37.56
37.56
37.87
37.87
38.06
38.06
38.43
38.43
38.81
38.81
39.18
39.18
39.62
39.62
39.93
39.93
40.25
40.25
40.56
40.56
40.68
40.68
40.93
40.93
41.06
41.06
41.12
41.12
41.12
41.12
41.12
41.12
41.06
41.06
40.93
40.93
40.81
40.81
40.62
40.62
40.43
40.43
40.18
40.18
39.93
39.93
39.62
39.62
39.43
39.43
39.12
39.12
38.81
38.81
38.5
38.5
38.25
38.25
37.87
37.87
37.56
37.56
37.37
37.37
37.06
37.06
36.75
36.75
36.43
36.43
36.12
36.12
35.93
35.93
35.75
35.75
35.62
35.62
35.5
35.5
35.43
35.43
35.43
35.43
35.5
35.5
35.62
35.62
35.75
35.75
35.93
35.93
36.18
36.18
36.5
36.5
36.87
36.87
37.25
37.25
37.62
37.62
37.81
37.81
38.18
38.18
38.56
38.56
38.93
38.93
39.37
39.37
39.75
39.75
40.06
40.06
40.37
40.37
40.5
40.5
40.75
40.75
40.87
40.87
41
41
41
41
41
41
40.87
40.87
40.87
40.87
40.68
40.68
40.5
40.5
40.25
40.25
40.06
40.06
39.81
39.81
39.68
39.68
39.37
39.37
39.12
39.12
38.81
38.81
38.5
38.5
38.18
38.18
37.87
37.87
37.62
37.62
37.43
37.43
37.18
37.18
36.87
36.87
36.62
36.62
36.37
36.37
36.12
36.12
35.87
35.87
35.81
35.81
35.68
35.68
35.68
35.68
35.68
35.68
35.75
35.75
35.87
35.87
36.06
36.06
36.18
36.18
36.43
36.43
36.75
36.75
37.06
