35.87
36.43
36.43
36.68
36.68
37.12
37.12
37.62
37.62
38
38
38.37
38.37
38.62
38.62
38.87
38.87
38.93
38.93
39.06
39.06
39.12
39.12
39.12
39.12
39
39
38.81
38.81
38.62
38.62
38.5
38.5
38.25
38.25
38
38
37.68
37.68
37.31
37.31
37
37
36.62
36.62
36.43
36.43
36.12
36.12
35.81
35.81
35.5
35.5
35.25
35.25
35.06
35.06
34.93
34.93
34.87
34.87
34.81
34.81
34.87
34.87
34.93
34.93
35.06
35.06
35.31
35.31
35.56
35.56
35.75
35.75
36.06
36.06
36.43
36.43
36.81
36.81
37.12
37.12
37.43
37.43
37.75
37.75
37.87
37.87
38.12
38.12
38.31
38.31
38.43
38.43
38.5
38.5
38.5
38.5
38.43
38.43
38.37
38.37
38.18
38.18
38.06
38.06
37.81
37.81
37.56
37.56
37.31
37.31
37
37
36.81
36.81
36.5
36.5
36.18
36.18
35.87
35.87
35.5
35.5
35.18
35.18
34.93
34.93
34.81
34.81
34.62
34.62
34.56
34.56
34.56
34.56
34.68
34.68
34.81
34.81
35
35
35.12
35.12
35.37
35.37
35.62
35.62
35.93
35.93
36.25
36.25
36.62
36.62
36.93
36.93
37.06
37.06
37.37
37.37
37.62
37.62
37.81
37.81
38
38
38.06
38.06
38.06
38.06
38.06
38.06
38
38
37.93
37.93
37.75
37.75
37.62
37.62
37.37
37.37
37.18
37.18
37.06
37.06
36.75
36.75
36.5
36.5
36.18
36.18
35.87
35.87
35.62
35.62
35.31
35.31
35.18
35.18
34.93
34.93
34.68
34.68
34.56
34.56
34.43
34.43
34.37
34.37
34.43
34.43
34.43
34.43
34.56
34.56
34.81
34.81
35.06
35.06
35.31
35.31
35.62
35.62
36
36
36.18
36.18
36.62
36.62
37
37
37.31
37.31
37.62
37.62
37.87
37.87
38.12
38.12
38.18
38.18
38.25
38.25
38.25
38.25
38.25
38.25
38.18
38.18
38.06
38.06
37.87
37.87
37.81
37.81
37.62
37.62
37.37
37.37
37.12
37.12
36.68
36.68
36
