27.56
27.56
27.31
27.31
27.25
27.25
27.06
27.06
27
27
26.93
26.93
27
27
27.12
27.12
27.31
27.31
27.43
27.43
27.68
27.68
28.06
28.06
28.43
28.43
28.93
28.93
29.43
29.43
30
30
30.31
30.31
30.87
30.87
31.5
31.5
32.06
32.06
32.62
32.62
33.18
33.18
33.75
33.75
34.06
34.06
34.56
34.56
35.12
35.12
35.56
35.56
36
36
36.43
36.43
36.81
36.81
36.93
36.93
37.25
37.25
37.5
37.5
37.68
37.68
37.75
37.75
37.81
37.81
37.87
37.87
37.87
37.87
37.87
37.87
37.87
37.87
37.81
37.81
37.75
37.75
37.62
37.62
37.43
37.43
37.37
37.37
37.18
37.18
36.93
36.93
36.68
36.68
36.43
36.43
36.12
36.12
35.81
35.81
35.75
35.75
35.43
35.43
35.12
35.12
34.87
34.87
34.56
34.56
34.31
34.31
34.06
34.06
34
34
33.75
33.75
33.56
33.56
33.37
33.37
33.25
33.25
33.12
33.12
33.06
33.06
33
33
32.93
32.93
32.87
32.87
32.87
32.87
32.87
32.87
32.93
32.93
32.93
32.93
33
33
33.06
33.06
33.12
33.12
33.25
33.25
33.37
33.37
33.5
33.5
33.62
33.62
33.75
33.75
33.87
33.87
34
34
34.18
34.18
34.31
34.31
34.43
34.43
34.56
34.56
34.62
34.62
34.75
34.75
34.93
34.93
35.06
35.06
35.18
35.18
35.31
35.31
35.43
35.43
35.5
35.5
35.62
35.62
35.75
35.75
35.81
35.81
35.87
35.87
35.93
35.93
35.93
35.93
35.93
35.93
35.93
35.93
35.93
35.93
35.87
35.87
35.87
35.87
35.87
35.87
35.81
35.81
35.81
35.81
35.81
35.81
35.75
35.75
35.68
35.68
35.62
35.62
35.56
35.56
35.5
35.5
35.43
35.43
35.37
35.37
35.31
35.31
35.25
35.25
35.18
35.18
35.12
35.12
35
35
35
35
34.87
34.87
34.81
34.81
34.75
34.75
34.68
34.68
34.62
34.62
34.56
34.56
34.56
34.56
34.5
34.5
34.43
34.43
34.43
34.43
34.43
34.43
34.43
34.43
34.37
34.37
34.37
34.37
34.37
34.37
34.43
34.43
34.43
34.43
34.5
34.5
34.5
34.5
34.56
34.56
34.56
34.56
34.56
34.56
34.56
34.56
34.56
34.56
34.62
34.62
34.62
34.62
34.62
34.62
34.62
34.62
34.68
34.68
34.75
34.75
34.81
34.81
34.81
34.81
34.87
34.87
34.87
34.87
34.93
34.93
34.93
34.93
35
35
35.06
35.06
35.12
35.12
35.18
35.18
35.18
35.18
35.18
35.18
35.25
35.25
35.18
35.18
35.18
35.18
35.25
35.25
35.18
35.18
35.18
35.18
35.18
35.18
35.18
35.18
35.18
35.18
35.18
35.18
35.18
35.18
35.12
35.12
35.12
35.12
35.12
35.12
35.12
35.12
35.06
35.06
35.06
35.06
35.06
35.06
35
35
35
35
35
35
35
35
35
35
35
35
35
35
35
35
35
35
35
35
34.93
34.93
34.93
34.93
34.93
34.93
34.93
34.93
34.93
34.93
34.93
34.93
34.93
34.93
34.93
34.93
34.87
34.87
34.87
