28.62
28.62
28.43
28.43
28.25
28.25
28.12
28.12
28.06
28.06
28
28
28
28
28.06
28.06
28.12
28.12
28.31
28.31
28.5
28.5
28.75
28.75
28.93
28.93
29.25
29.25
29.62
29.62
30.06
30.06
30.56
30.56
31.06
31.06
31.56
31.56
31.87
31.87
32.37
32.37
32.93
32.93
33.56
33.56
34.12
34.12
34.68
34.68
35.25
35.25
35.5
35.5
36.06
36.06
36.56
36.56
37.06
37.06
37.5
37.5
37.93
37.93
38.37
38.37
38.5
38.5
38.87
38.87
39.12
39.12
39.37
39.37
39.56
39.56
39.68
39.68
39.75
39.75
39.81
39.81
39.81
39.81
39.75
39.75
39.62
39.62
39.5
39.5
39.31
39.31
39.06
39.06
38.93
38.93
38.62
38.62
38.31
38.31
38
38
37.68
37.68
37.31
37.31
36.93
36.93
36.75
36.75
36.37
36.37
36.06
36.06
35.75
35.75
35.37
35.37
35.06
35.06
34.75
34.75
34.56
34.56
34.25
34.25
34
34
33.75
33.75
33.56
33.56
33.31
33.31
33.18
33.18
33.06
33.06
32.87
32.87
32.75
32.75
32.68
32.68
32.62
32.62
32.62
32.62
32.56
32.56
32.56
32.56
32.62
32.62
32.68
32.68
32.75
32.75
32.87
32.87
33
33
33.18
33.18
33.31
33.31
33.5
33.5
33.75
33.75
33.93
33.93
34.18
34.18
34.37
34.37
34.62
34.62
34.75
34.75
34.93
34.93
35.18
35.18
35.37
35.37
35.62
35.62
35.87
35.87
36.06
36.06
36.12
36.12
36.31
36.31
36.43
36.43
36.56
36.56
36.68
36.68
36.81
36.81
36.87
36.87
36.93
36.93
37
37
37
37
37
37
37
37
37.06
37.06
37
37
37
37
36.93
36.93
36.87
36.87
36.81
36.81
36.68
36.68
36.56
36.56
36.43
36.43
36.37
36.37
36.31
36.31
36.18
36.18
36
36
35.87
35.87
35.68
35.68
35.5
35.5
35.43
35.43
35.25
35.25
35.06
35.06
34.87
34.87
34.68
34.68
34.5
34.5
34.37
34.37
34.25
34.25
34.12
34.12
34
34
33.87
33.87
33.68
33.68
33.62
33.62
33.5
33.5
33.43
33.43
33.37
33.37
33.31
33.31
33.31
33.31
33.31
33.31
33.31
33.31
33.31
33.31
33.37
33.37
33.43
33.43
33.43
33.43
33.5
33.5
33.62
33.62
33.68
33.68
33.81
33.81
33.87
33.87
34
34
34.12
34.12
34.25
34.25
34.43
34.43
34.62
34.62
34.75
34.75
34.87
34.87
35
35
35.18
35.18
35.31
35.31
35.5
35.5
35.62
35.62
35.75
35.75
35.75
35.75
35.87
35.87
35.93
35.93
36.06
36.06
36.18
36.18
36.25
36.25
36.31
36.31
36.37
36.37
36.37
36.37
36.43
36.43
36.43
36.43
36.43
36.43
36.37
36.37
36.37
36.37
36.37
36.37
36.31
36.31
36.25
36.25
36.18
36.18
36.12
36.12
36.06
36.06
35.93
35.93
35.87
35.87
35.75
35.75
35.68
35.68
35.5
35.5
35.37
35.37
35.25
35.25
35.06
35.06
35
35
