3043
3043
3043
3056
3056
3068
3068
3075
3075
3087
3087
3093
3093
3106
3106
3106
3106
3118
3118
3125
3125
3131
3131
3137
3137
3143
3143
3150
3150
3156
3156
3162
3162
3168
3168
3175
3175
3181
3181
3187
3187
3200
3200
3200
3200
3212
3212
3212
3212
3218
3218
3218
3218
3225
3225
3225
3225
3225
3225
3225
3225
3231
3231
3231
3231
3237
3237
3237
3237
3243
3243
3243
3243
3243
3243
3243
3243
3243
3243
3243
3243
3243
3243
3243
3243
3243
3243
3243
3243
3250
3250
3250
3250
3256
3256
3256
3256
3256
3256
3256
3256
3262
3262
3256
3256
3256
3256
3256
3256
3256
3256
3256
3256
3256
3256
3256
3256
3256
3256
3256
3256
3262
3262
3262
3262
3268
3268
3268
3268
3268
3268
3275
3275
3275
3275
3281
3281
3281
3281
3281
3281
3287
3287
3287
3287
3287
3287
3287
3287
3287
3287
3293
3293
3293
3293
3293
3293
3287
3287
3287
3287
3281
3281
3281
3281
3281
3281
3275
3275
3275
3275
3275
3275
3275
3275
3275
3275
3281
3281
3281
3281
3281
3281
3281
3281
3281
3281
3281
3281
3281
3281
3281
3281
3281
3281
3281
3281
3281
3281
3281
3281
3281
3281
3281
3281
3281
3281
3281
3281
3287
3287
3287
3287
3281
3281
3281
3281
3281
3281
3275
3275
3275
3275
3275
3275
3275
3275
3275
3275
3268
3268
3268
3268
3268
3268
3268
3268
3268
3268
3268
3268
3268
3268
3268
3268
3268
3268
3268
3268
3268
3268
3268
3268
3268
3268
3268
3268
3275
3275
3275
3275
3268
3268
3275
3275
3275
3275
3275
3275
3275
3275
3275
3275
3275
3275
3275
3275
3275
3275
3275
3275
3281
3281
3281
3281
3281
3281
3281
3281
3281
3281
3287
3287
3287
3287
3281
3281
3281
3281
3281
3281
3281
3281
3281
3281
3287
3287
3281
3281
3281
3281
3281
3281
3281
3281
3275
3275
3275
3275
3275
3275
3275
3275
3275
3275
3268
3268
3268
3268
3268
3268
3268
3268
3268
3268
3268
3268
3268
3268
3268
3268
3268
3268
3268
3268
3275
3275
3275
3275
3275
3275
3275
3275
3275
3275
3275
3275
3275
3275
3275
3275
3275
3275
3275
3275
3275
3275
3275
3275
3275
3275
3268
3268
3268
3268
3268
3268
3268
3268
3275
3275
3268
3268
3268
3268
3275
3275
3275
3275
3275
3275
3275
3275
3275
3275
3275
3275
3275
3275
