34
34
34.62
34.62
35.18
35.18
35.75
35.75
36.25
36.25
36.43
36.43
36.87
36.87
37.18
37.18
37.43
37.43
37.62
37.62
37.75
37.75
37.81
37.81
37.81
37.81
37.75
37.75
37.62
37.62
37.5
37.5
37.31
37.31
37.06
37.06
36.81
36.81
36.68
36.68
36.37
36.37
36.06
36.06
35.81
35.81
35.5
35.5
35.18
35.18
34.93
34.93
34.81
34.81
34.56
34.56
34.31
34.31
34.12
34.12
33.93
33.93
33.81
33.81
33.75
33.75
33.75
33.75
33.75
33.75
33.81
33.81
33.87
33.87
34.06
34.06
34.25
34.25
34.5
34.5
34.68
34.68
35.06
35.06
35.5
35.5
35.87
35.87
36.25
36.25
36.62
36.62
37.06
37.06
37.25
37.25
37.62
37.62
38
38
38.25
38.25
38.5
38.5
38.62
38.62
38.75
38.75
38.75
38.75
38.75
38.75
38.68
38.68
38.56
38.56
38.43
38.43
38.25
38.25
38
38
37.87
37.87
37.62
37.62
37.31
37.31
37
37
36.68
36.68
36.43
36.43
36.06
36.06
35.93
35.93
35.62
35.62
35.31
35.31
35
35
34.75
34.75
34.5
34.5
34.31
34.31
34.18
34.18
34.06
34.06
34
34
33.93
33.93
34
34
34.06
34.06
34.18
34.18
34.31
34.31
34.5
34.5
34.81
34.81
35.12
35.12
35.43
35.43
35.81
35.81
36.18
36.18
36.37
36.37
36.75
36.75
37.12
37.12
37.56
37.56
37.93
37.93
38.25
38.25
38.5
38.5
38.62
38.62
38.81
38.81
38.93
38.93
39
39
38.93
38.93
38.87
38.87
38.75
38.75
38.68
38.68
38.5
38.5
38.25
38.25
38.06
38.06
37.81
37.81
37.5
37.5
37.18
37.18
37
37
36.68
36.68
36.31
36.31
36
36
35.68
35.68
35.31
35.31
35.06
35.06
34.93
34.93
34.68
34.68
34.5
34.5
34.31
34.31
34.25
34.25
34.18
34.18
34.18
34.18
34.25
34.25
34.31
34.31
34.43
34.43
34.62
34.62
34.81
34.81
35.06
35.06
35.37
35.37
35.5
35.5
