22.62
22.62
22.62
22.56
22.56
22.56
22.56
22.62
22.62
22.75
22.75
22.87
22.87
23.12
23.12
23.43
23.43
23.81
23.81
24.25
24.25
24.5
24.5
25
25
25.56
25.56
26.12
26.12
26.75
26.75
27.43
27.43
28.06
28.06
28.43
28.43
29.06
29.06
29.75
29.75
30.43
30.43
31.06
31.06
31.68
31.68
32.31
32.31
32.62
32.62
33.18
33.18
33.68
33.68
34.12
34.12
34.56
34.56
34.87
34.87
35.18
35.18
35.31
35.31
35.5
35.5
35.56
35.56
35.56
35.56
35.56
35.56
35.5
35.5
35.37
35.37
35.31
35.31
35.12
35.12
34.93
34.93
34.68
34.68
34.43
34.43
34.18
34.18
33.93
33.93
33.81
33.81
33.5
33.5
33.25
33.25
33
33
32.75
32.75
32.5
32.5
32.31
32.31
32.25
32.25
32.06
32.06
31.93
31.93
31.87
31.87
31.87
31.87
31.87
31.87
31.93
31.93
32
32
32.12
32.12
32.31
32.31
32.56
32.56
32.81
32.81
33.12
33.12
33.43
33.43
33.62
33.62
34
34
34.43
34.43
34.81
34.81
35.25
35.25
35.68
35.68
36.12
36.12
36.37
36.37
36.81
36.81
37.18
37.18
37.56
37.56
37.93
37.93
38.18
38.18
38.37
38.37
38.5
38.5
38.68
38.68
38.81
38.81
38.81
38.81
38.81
38.81
38.75
38.75
38.62
38.62
38.56
38.56
38.31
38.31
38.06
38.06
37.81
37.81
37.56
37.56
37.25
37.25
36.87
36.87
36.75
36.75
36.37
36.37
36.06
36.06
35.75
35.75
35.37
35.37
35.06
35.06
34.75
34.75
34.62
34.62
34.37
34.37
34.12
34.12
33.87
33.87
33.75
33.75
33.56
33.56
33.5
33.5
33.43
33.43
33.37
33.37
33.37
33.37
33.43
33.43
33.5
33.5
33.62
33.62
33.81
33.81
33.87
33.87
34.12
34.12
34.37
34.37
34.68
34.68
35
35
35.31
35.31
35.62
35.62
35.81
35.81
36.18
36.18
36.56
36.56
36.87
36.87
37.25
37.25
37.56
37.56
37.87
37.87
38
38
38.25
38.25
38.43
38.43
38.62
38.62
38.75
38.75
38.81
38.81
38.81
38.81
38.81
38.81
38.68
38.68
38.56
