32.56
32.56
32.56
32.56
32.56
32.56
32.62
32.62
32.62
32.62
32.62
32.62
32.62
32.62
32.62
32.62
32.62
32.62
32.62
32.62
32.56
32.56
32.56
32.56
32.56
32.56
32.56
32.56
32.56
32.56
32.56
32.56
32.56
32.56
32.62
32.62
32.68
32.68
32.81
32.81
33
33
33.12
33.12
33.31
33.31
33.37
33.37
33.56
33.56
33.62
33.62
33.75
33.75
33.87
33.87
33.93
33.93
34.06
34.06
34.12
34.12
34.18
34.18
34.31
34.31
34.37
34.37
34.5
34.5
34.62
34.62
34.75
34.75
34.81
34.81
34.93
34.93
35.06
35.06
35.18
35.18
35.25
35.25
35.37
35.37
35.43
35.43
35.5
35.5
35.62
35.62
35.68
35.68
35.81
35.81
35.93
35.93
36
36
36.06
36.06
36.12
36.12
36.18
36.18
36.31
36.31
36.37
36.37
36.43
36.43
36.5
36.5
36.5
36.5
36.56
36.56
36.62
36.62
36.62
36.62
36.68
36.68
36.75
36.75
36.81
36.81
36.87
36.87
36.87
36.87
36.93
36.93
36.93
36.93
36.93
36.93
37
37
37.06
37.06
37.12
37.12
37.12
37.12
37.12
37.12
37.12
37.12
37.18
37.18
37.18
37.18
37.25
37.25
37.31
37.31
37.31
37.31
37.31
37.31
37.37
37.37
37.43
37.43
37.43
37.43
37.43
37.43
37.43
37.43
37.43
37.43
37.5
37.5
37.56
37.56
37.62
37.62
37.62
37.62
37.68
37.68
37.62
37.62
37.62
37.62
37.68
37.68
37.68
37.68
37.68
37.68
37.75
37.75
37.75
37.75
37.75
37.75
37.75
37.75
37.75
37.75
37.75
37.75
37.75
37.75
37.75
37.75
37.81
37.81
37.81
37.81
37.87
37.87
37.87
37.87
37.87
37.87
37.87
37.87
37.81
37.81
37.81
37.81
37.81
37.81
37.81
37.81
37.87
37.87
37.87
37.87
37.93
37.93
37.93
37.93
37.87
37.87
37.81
37.81
37.81
37.81
37.81
37.81
37.81
37.81
37.75
37.75
37.75
37.75
37.75
37.75
37.75
37.75
37.81
37.81
37.81
37.81
37.87
37.87
37.87
37.87
37.87
37.87
37.93
37.93
37.87
37.87
37.87
37.87
37.93
37.93
38
38
38
38
38.06
38.06
38.06
38.06
38.12
38.12
38.12
38.12
38.12
38.12
38.12
38.12
38.06
38.06
38.06
38.06
38.06
38.06
38.06
38.06
38
38
38
38
37.93
37.93
37.87
37.87
37.87
37.87
37.87
37.87
37.87
37.87
37.87
37.87
37.87
37.87
37.87
37.87
37.87
37.87
37.93
37.93
37.93
37.93
37.93
37.93
37.93
37.93
38
38
38
38
38.06
38.06
38
38
38
38
37.87
37.87
37.93
37.93
37.87
37.87
37.87
37.87
37.87
37.87
37.87
37.87
37.87
37.87
37.93
37.93
37.93
37.93
37.93
37.93
37.93
37.93
38
38
37.93
37.93
37.93
37.93
37.93
37.93
37.87
37.87
37.87
37.87
37.87
37.87
37.87
37.87
37.81
37.81
37.81
37.81
37.81
37.81
37.81
37.81
37.81
37.81
37.81
37.81
37.81
37.81
37.81
37.81
37.87
37.87
37.87
37.87
37.87
37.87
37.87
37.87
37.87
37.87
37.87
37.87
37.87
37.87
37.87
37.87
37.81
37.81
37.81
37.81
37.87
37.87
37.81
37.81
37.81
37.81
37.81
37.81
37.81
37.81
37.81
37.81
37.75
37.75
37.75
37.75
37.81
37.81
37.75
37.75
37.81
37.81
37.81
37.81
37.81
37.81
37.87
37.87
37.87
37.87
37.93
37.93
37.93
37.93
37.93
37.93
38
38
38
38
38
38
38
38
38
38
38
38
38
38
38
38
38
38
38
38
37.93
37.93
37.93
37.93
37.93
37.93
37.93
37.93
37.93
37.93
38
38
38
38
38
38
38
38
38
38
38
38
37.93
37.93
37.93
37.93
37.93
37.93
37.93
37.93
37.93
37.93
37.87
37.87
37.87
