32.43
32.43
32.37
32.37
32.43
32.43
32.43
32.43
32.5
32.5
32.5
32.5
32.5
32.5
32.56
32.56
32.56
32.56
32.56
32.56
32.56
32.56
32.56
32.56
32.56
32.56
32.56
32.56
32.5
32.5
32.56
32.56
32.5
32.5
32.5
32.5
32.5
32.5
32.5
32.5
32.5
32.5
32.56
32.56
32.56
32.56
32.56
32.56
32.56
32.56
32.56
32.56
32.56
32.56
32.62
32.62
32.62
32.62
32.68
32.68
32.68
32.68
32.75
32.75
32.75
32.75
32.75
32.75
32.87
32.87
32.87
32.87
32.93
32.93
32.93
32.93
32.93
32.93
32.93
32.93
32.93
32.93
32.93
32.93
32.93
32.93
33
33
33
33
33
33
33
33
33
33
33.06
33.06
33.06
33.06
33.06
33.06
33.06
33.06
33.12
33.12
33.18
33.18
33.25
33.25
33.25
33.25
33.31
33.31
33.31
33.31
33.31
33.31
33.37
33.37
33.43
33.43
33.43
33.43
33.5
33.5
33.5
33.5
33.56
33.56
33.56
33.56
33.56
33.56
33.56
33.56
33.56
33.56
33.56
33.56
33.56
33.56
33.56
33.56
33.5
33.5
33.5
33.5
33.5
33.5
33.5
33.5
33.43
33.43
33.5
33.5
33.5
33.5
33.56
33.56
33.62
33.62
33.62
33.62
33.62
33.62
33.62
33.62
33.62
33.62
33.62
33.62
33.62
33.62
33.62
33.62
33.62
33.62
33.62
33.62
33.68
33.68
33.68
33.68
33.68
33.68
33.68
33.68
33.68
33.68
33.68
33.68
33.68
33.68
33.68
33.68
33.68
33.68
33.68
33.68
33.68
33.68
33.75
33.75
33.75
33.75
33.81
33.81
33.81
33.81
33.81
33.81
33.81
33.81
33.81
33.81
33.87
33.87
33.87
33.87
33.87
33.87
33.87
33.87
33.87
33.87
33.87
33.87
33.87
33.87
33.81
33.81
33.87
33.87
33.87
33.87
33.81
33.81
33.81
33.81
33.81
33.81
33.81
33.81
33.81
33.81
33.81
33.81
33.81
33.81
33.81
33.81
33.81
33.81
33.81
33.81
33.81
33.81
33.81
33.81
33.81
33.81
33.81
33.81
33.87
33.87
33.93
33.93
33.93
33.93
33.93
33.93
33.93
33.93
34
34
34
34
34.06
34.06
34.06
34.06
34.06
34.06
34.12
34.12
34.12
34.12
34.18
34.18
34.18
34.18
34.18
34.18
34.18
34.18
34.12
34.12
34.12
34.12
34.12
34.12
34.12
34.12
34.12
34.12
34.12
34.12
34.12
34.12
34.18
34.18
34.18
34.18
34.18
34.18
34.12
34.12
34.18
34.18
34.18
34.18
34.25
34.25
34.31
34.31
34.25
34.25
34.25
34.25
34.25
34.25
34.18
34.18
34.18
34.18
34.18
34.18
34.18
34.18
34.18
34.18
34.12
34.12
34.12
34.12
34.12
34.12
34.06
34.06
34.06
34.06
34.06
34.06
34.06
34.06
34.12
34.12
34.18
34.18
34.18
34.18
34.18
34.18
34.18
34.18
34.18
34.18
34.18
34.18
34.18
34.18
34.18
34.18
34.18
34.18
34.18
34.18
34.18
34.18
34.25
34.25
34.18
34.18
34.18
34.18
34.18
34.18
34.12
34.12
34.12
34.12
34.18
34.18
34.18
34.18
34.25
34.25
34.25
34.25
34.25
34.25
34.25
34.25
34.25
34.25
34.25
34.25
34.25
34.25
34.25
34.25
34.18
34.18
34.18
34.18
34.18
34.18
34.12
34.12
34.12
34.12
34.06
34.06
34.06
34.06
34.06
34.06
34.06
34.06
34.06
34.06
34.06
34.06
34.06
34.06
34.06
34.06
34.06
34.06
34.06
34.06
34.06
34.06
34.06
34.06
34.06
34.06
34.12
34.12
34.12
34.12
34.12
34.12
34.12
34.12
34.12
34.12
34.12
34.12
34.12
34.12
34.06
34.06
34.06
34.06
34.06
34.06
34.06
34.06
34.06
34.06
34.06
34.06
34.06
34.06
34.06
34.06
34.06
34.06
34.06
34.06
34.06
34.06
34
34
34.06
34.06
34.06
34.06
34.06
34.06
34.06
34.06
34.06
34.06
34.06
34.06
34.06
34.06
34.06
34.06
34.06
34.06
34.06
34.06
34.12
34.12
34.12
34.12
34.12
34.12
34.12
34.12
34.12
34.12
34.12
34.12
34.12
34.12
34.12
34.12
34.12
34.12
34.12
34.12
34.12
34.12
34.12
34.12
34.12
34.12
34.12
34.12
34.18
34.18
34.18
34.18
34.18
34.18
34.18
34.18
34.18
34.18
34.12
34.12
34.12
34.12
34.12
