41.68
41.68
41.37
41.37
41.06
41.06
40.68
40.68
40.5
40.5
40.12
40.12
39.81
39.81
39.43
39.43
39.06
39.06
38.68
38.68
38.31
38.31
38.12
38.12
37.75
37.75
37.37
37.37
37
37
36.68
36.68
36.37
36.37
36.06
36.06
35.93
35.93
35.68
35.68
35.43
35.43
35.25
35.25
35.18
35.18
35.12
35.12
35.06
35.06
35.12
35.12
35.18
35.18
35.37
35.37
35.62
35.62
35.87
35.87
36.25
36.25
36.62
36.62
36.81
36.81
37.25
37.25
37.75
37.75
38.25
38.25
38.75
38.75
39.25
39.25
39.75
39.75
39.93
39.93
40.37
40.37
40.68
40.68
41
41
41.25
41.25
41.43
41.43
41.56
41.56
41.62
41.62
41.62
41.62
41.56
41.56
41.43
41.43
41.31
41.31
41.12
41.12
40.87
40.87
40.75
40.75
40.5
40.5
40.18
40.18
39.87
39.87
39.56
39.56
39.18
39.18
38.87
38.87
38.68
38.68
38.37
38.37
38
38
37.68
37.68
37.37
37.37
37.12
37.12
36.87
36.87
36.75
36.75
36.56
36.56
36.37
36.37
36.25
36.25
36.18
36.18
36.12
36.12
36.12
36.12
36.18
36.18
36.25
36.25
36.37
36.37
36.5
36.5
36.68
36.68
36.93
36.93
37.18
37.18
37.37
37.37
37.62
37.62
38
38
38.31
38.31
38.68
38.68
39
39
39.37
39.37
39.5
39.5
39.81
39.81
40.06
40.06
40.31
40.31
40.5
40.5
40.62
40.62
40.68
40.68
40.68
40.68
40.68
40.68
40.62
40.62
40.5
40.5
40.31
40.31
40.12
40.12
39.93
39.93
39.81
39.81
39.56
39.56
39.31
39.31
39.06
39.06
38.75
38.75
38.37
38.37
38.06
38.06
37.93
37.93
37.56
37.56
37.25
37.25
36.93
36.93
36.62
36.62
36.37
36.37
36.06
36.06
36
36
35.75
35.75
35.56
35.56
35.43
35.43
