25.12
25.06
25.06
25.06
25.06
25
25
24.93
24.93
24.93
24.93
24.93
24.93
24.87
24.87
24.93
24.93
25
25
25.18
25.18
25.43
25.43
25.75
25.75
26.18
26.18
26.62
26.62
26.87
26.87
27.43
27.43
28.06
28.06
28.68
28.68
29.31
29.31
30
30
30.75
30.75
31.06
31.06
31.81
31.81
32.5
32.5
33.18
33.18
33.87
33.87
34.56
34.56
35.12
35.12
35.37
35.37
35.87
35.87
36.31
36.31
36.68
36.68
36.93
36.93
37.12
37.12
37.25
37.25
37.25
37.25
37.31
37.31
37.25
37.25
37.18
37.18
37.06
37.06
36.93
36.93
36.75
36.75
36.68
36.68
36.5
36.5
36.25
36.25
36
36
35.75
35.75
35.5
35.5
35.25
35.25
35.12
35.12
34.87
34.87
34.62
34.62
34.37
34.37
34.12
34.12
33.93
33.93
33.75
33.75
33.68
33.68
33.56
33.56
33.5
33.5
33.43
33.43
33.5
33.5
33.56
33.56
33.75
33.75
33.87
33.87
34.12
34.12
34.43
34.43
34.81
34.81
35.25
35.25
35.68
35.68
36.12
36.12
36.37
36.37
36.93
36.93
37.43
37.43
38
38
38.5
38.5
39
39
39.56
39.56
39.81
39.81
40.25
40.25
40.68
40.68
41.06
41.06
41.37
41.37
41.56
41.56
41.68
41.68
41.68
41.68
41.75
41.75
41.68
41.68
41.56
41.56
41.43
41.43
41.25
41.25
41
41
40.87
40.87
40.62
40.62
40.37
40.37
40.06
40.06
39.75
39.75
39.43
39.43
39.06
39.06
38.87
38.87
38.5
38.5
38.12
38.12
37.81
37.81
37.43
37.43
37.12
37.12
36.75
36.75
36.62
36.62
36.31
36.31
36.06
36.06
35.81
35.81
35.62
35.62
35.5
35.5
35.37
35.37
35.37
35.37
35.37
35.37
35.43
