3718
3675
3625
3600
3587
3587
3600
3618
3643
3687
3731
3775
3812
3850
3887
3906
3925
3937
3950
3956
3968
3981
3993
4006
4031
4050
4068
4093
4106
4118
4131
4143
4143
4143
4143
4137
4131
4131
4125
4131
4131
4150
4162
4175
4193
4212
4225
4231
4231
4225
4212
4206
4193
4193
4200
4225
4250
4268
4293
4312
4325
4325
4318
4306
4293
4262
4231
4193
4175
4150
4131
4118
4112
4112
4118
4125
4137
4156
4162
4168
4175
4175
4175
4175
4162
4150
4118
4093
4075
4056
4050
4056
4062
4068
4081
4087
4093
4093
4093
4100
4106
4106
4112
4106
4093
4075
4056
4031
4006
3987
3975
3968
3975
3981
3987
4000
4000
4000
3987
3981
3981
3975
3975
3968
3968
3968
3981
