33.5
33.06
33.06
32.87
32.87
32.62
32.62
32.43
32.43
32.31
32.31
32.18
32.18
32.12
32.12
31.93
31.93
31.87
31.87
31.75
31.75
31.62
31.62
31.5
31.5
31.43
31.43
31.31
31.31
31.25
31.25
31.25
31.25
31.18
31.18
31.18
31.18
31.25
31.25
31.25
31.25
31.37
31.37
31.43
31.43
31.56
31.56
31.68
31.68
31.87
31.87
32.12
32.12
32.37
32.37
32.68
32.68
33
33
33.18
33.18
33.56
33.56
34
34
34.43
34.43
34.87
34.87
35.31
35.31
35.81
35.81
36.06
36.06
36.56
36.56
37
37
37.5
37.5
37.93
37.93
38.43
38.43
38.87
38.87
39.12
39.12
39.56
39.56
39.93
39.93
40.31
40.31
40.68
40.68
40.93
40.93
41.18
41.18
41.31
41.31
41.43
41.43
41.56
41.56
41.62
41.62
41.56
41.56
41.56
41.56
41.43
41.43
41.37
41.37
41.18
41.18
40.93
40.93
40.75
40.75
40.43
40.43
40.18
40.18
39.87
39.87
39.75
39.75
39.37
39.37
39.06
39.06
38.68
38.68
38.37
38.37
38
38
37.68
37.68
37.5
37.5
37.12
37.12
36.81
36.81
36.43
36.43
36.12
36.12
35.81
35.81
35.5
35.5
35.31
35.31
35
35
34.75
34.75
34.43
34.43
34.18
34.18
33.93
33.93
33.75
33.75
33.68
33.68
33.5
33.5
33.37
33.37
33.25
33.25
33.18
33.18
33.12
33.12
33.12
33.12
33.12
33.12
33.18
33.18
33.25
33.25
33.37
33.37
33.5
33.5
33.68
33.68
33.93
33.93
34.06
34.06
34.31
34.31
34.62
34.62
35
35
35.37
35.37
35.75
35.75
36.18
36.18
36.37
36.37
36.87
36.87
37.31
37.31
37.75
37.75
38.25
38.25
38.75
38.75
39.25
39.25
39.5
39.5
39.93
39.93
40.43
40.43
40.87
40.87
41.31
41.31
41.68
41.68
42.06
42.06
42.25
42.25
42.5
42.5
42.75
42.75
42.93
42.93
43
43
43.06
43.06
43.06
43.06
43.06
43.06
42.93
42.93
42.75
42.75
42.56
42.56
42.25
42.25
42
42
41.68
41.68
41.5
41.5
41.18
41.18
40.87
40.87
40.56
40.56
40.18
40.18
39.81
39.81
39.43
39.43
39.25
39.25
38.87
38.87
38.5
38.5
38.12
38.12
37.75
37.75
37.37
37.37
37
37
36.81
36.81
36.43
36.43
36.06
36.06
35.75
35.75
35.43
35.43
35.18
35.18
34.87
34.87
34.75
34.75
34.5
34.5
34.31
34.31
34.06
34.06
33.93
33.93
33.81
33.81
33.68
33.68
33.62
33.62
33.56
33.56
33.5
33.5
33.5
33.5
33.56
33.56
33.62
33.62
33.81
33.81
33.87
33.87
34
34
34.25
34.25
34.5
34.5
34.81
34.81
35.12
35.12
35.43
35.43
35.68
35.68
36.06
36.06
36.5
36.5
36.93
36.93
37.43
37.43
37.93
37.93
38.43
38.43
38.68
38.68
39.18
39.18
39.68
39.68
40.12
40.12
40.62
40.62
41.06
41.06
41.5
41.5
41.68
41.68
42
42
42.37
42.37
42.68
42.68
42.87
42.87
43.06
43.06
43.18
43.18
43.18
43.18
43.18
43.18
43.12
43.12
43
43
