28.68
28.68
28.5
28.5
28.43
28.43
28.37
28.37
28.25
28.25
28.18
28.18
28.12
28.12
28.12
28.12
28.12
28.12
28.25
28.25
28.31
28.31
28.5
28.5
28.75
28.75
29.06
29.06
29.5
29.5
29.93
29.93
30.5
30.5
30.75
30.75
31.31
31.31
31.87
31.87
32.5
32.5
33.12
33.12
33.81
33.81
34.43
34.43
34.75
34.75
35.37
35.37
36
36
36.56
36.56
37.06
37.06
37.56
37.56
38
38
38.18
38.18
38.43
38.43
38.68
38.68
38.75
38.75
38.87
38.87
38.87
38.87
38.81
38.81
38.75
38.75
38.62
38.62
38.5
38.5
38.31
38.31
38.06
38.06
37.81
37.81
37.68
37.68
37.43
37.43
37.12
37.12
36.81
36.81
36.5
36.5
36.25
36.25
35.93
35.93
35.62
35.62
35.43
35.43
35.18
35.18
34.93
34.93
34.68
34.68
34.5
34.5
34.31
34.31
34.25
34.25
34.12
34.12
34.06
34.06
34.12
34.12
34.18
34.18
34.31
34.31
34.5
34.5
34.75
34.75
34.93
34.93
35.25
35.25
35.62
35.62
36.06
36.06
36.5
36.5
37
37
37.25
37.25
37.75
37.75
38.25
38.25
38.81
38.81
39.31
39.31
39.81
39.81
40.31
40.31
40.75
40.75
40.93
40.93
41.31
41.31
41.56
41.56
41.81
41.81
41.93
41.93
42
42
42
42
41.93
41.93
41.87
41.87
41.75
41.75
41.56
41.56
41.31
41.31
41.06
41.06
40.81
40.81
40.68
40.68
40.37
40.37
40
40
39.62
39.62
39.25
39.25
38.87
38.87
38.56
38.56
38.37
38.37
38
38
37.62
37.62
37.31
37.31
36.93
36.93
36.62
36.62
36.37
36.37
36.18
36.18
35.93
35.93
35.75
35.75
35.56
35.56
35.43
35.43
35.37
35.37
35.37
35.37
35.43
35.43
35.56
35.56
35.75
35.75
36
36
36.31
36.31
36.68
36.68
36.87
36.87
37.31
37.31
37.75
37.75
38.25
38.25
38.68
38.68
39.25
39.25
39.68
39.68
40.18
40.18
40.43
40.43
40.93
40.93
41.31
41.31
41.75
41.75
42.06
42.06
42.37
42.37
42.56
42.56
42.62
42.62
42.68
42.68
42.68
42.68
42.62
42.62
42.5
42.5
42.31
42.31
42.12
42.12
42
42
41.75
41.75
41.43
41.43
41.06
41.06
40.68
40.68
40.31
40.31
39.93
39.93
39.75
39.75
39.31
39.31
38.93
38.93
38.56
38.56
38.18
38.18
37.81
37.81
37.43
37.43
37.25
37.25
36.93
36.93
36.62
36.62
36.31
36.31
36.12
36.12
35.93
35.93
35.81
35.81
35.75
35.75
35.75
35.75
35.75
35.75
35.81
35.81
36
36
36.18
36.18
36.31
36.31
36.62
36.62
37
37
37.43
37.43
37.81
37.81
38.31
38.31
38.75
38.75
39.25
39.25
39.5
39.5
40
40
40.43
40.43
40.93
40.93
41.37
41.37
41.75
41.75
41.93
41.93
42.25
42.25
42.5
42.5
42.68
42.68
42.81
42.81
42.87
42.87
42.87
42.87
42.81
42.81
42.68
42.68
42.5
42.5
42.25
42.25
41.93
41.93
41.62
41.62
41.25
41.25
40.93
40.93
40.75
40.75
40.37
40.37
40
40
39.62
39.62
39.25
39.25
38.81
38.81
38.43
38.43
38.25
38.25
37.87
37.87
37.56
37.56
37.18
37.18
36.87
36.87
36.56
36.56
36.43
36.43
36.18
36.18
36
36
35.81
35.81
35.75
35.75
35.68
35.68
35.68
35.68
35.75
35.75
35.87
35.87
36.06
36.06
36.37
36.37
36.68
36.68
37.06
37.06
37.5
37.5
37.87
37.87
38.12
38.12
38.62
38.62
39.12
39.12
39.62
39.62
40.06
40.06
40.56
40.56
41.06
41.06
41.31
41.31
41.81
41.81
42.18
42.18
42.56
42.56
42.81
42.81
43.06
43.06
43.12
43.12
43.25
43.25
43.25
43.25
43.25
43.25
43.12
43.12
42.93
42.93
42.68
42.68
42.43
42.43
42.25
42.25
41.93
41.93
41.62
41.62
41.25
41.25
40.87
40.87
40.5
40.5
40.12
40.12
39.93
39.93
39.56
39.56
39.12
39.12
38.75
38.75
38.31
38.31
37.93
37.93
37.62
37.62
37.43
37.43
37.12
37.12
36.81
36.81
36.56
