38.68
38.68
38.87
38.87
39
39
39.06
39.06
39.06
39.06
39.06
39.06
39
39
38.93
38.93
38.81
38.81
38.68
38.68
38.43
38.43
38.25
38.25
38
38
37.75
37.75
37.56
37.56
37.31
37.31
37.06
37.06
36.75
36.75
36.5
36.5
36.18
36.18
35.87
35.87
35.75
35.75
35.43
35.43
35.12
35.12
34.87
34.87
34.56
34.56
34.31
34.31
34.06
34.06
33.87
33.87
33.62
33.62
33.37
33.37
33.12
33.12
32.87
32.87
32.62
32.62
32.43
32.43
32.31
32.31
32.12
32.12
31.87
31.87
31.75
31.75
31.62
31.62
31.56
31.56
31.5
31.5
31.43
31.43
31.37
31.37
31.31
31.31
31.25
31.25
31.25
31.25
31.18
31.18
31.12
31.12
31.12
31.12
31.12
31.12
31.12
31.12
31.12
31.12
31.18
31.18
31.18
31.18
31.25
31.25
31.31
31.31
31.37
31.37
31.43
31.43
31.56
31.56
31.68
31.68
31.81
31.81
31.93
31.93
32.06
32.06
32.18
32.18
32.37
32.37
32.56
32.56
32.75
32.75
32.93
32.93
33.18
33.18
33.31
33.31
33.5
33.5
33.75
33.75
34
34
34.25
34.25
34.5
34.5
34.75
34.75
34.87
34.87
35.12
35.12
35.37
35.37
35.68
35.68
35.93
35.93
36.18
36.18
36.5
36.5
36.56
36.56
36.87
36.87
37.12
37.12
37.37
37.37
37.62
37.62
37.87
37.87
38.06
38.06
38.18
38.18
38.37
38.37
38.56
38.56
38.75
