31.68
31.62
31.62
31.37
31.37
31.18
31.18
31
31
30.75
30.75
30.56
30.56
30.37
30.37
30.31
30.31
30.18
30.18
30.06
30.06
30.06
30.06
30.06
30.06
30.18
30.18
30.43
30.43
30.75
30.75
30.87
30.87
31.25
31.25
31.68
31.68
32.12
32.12
32.62
32.62
33.18
33.18
33.43
33.43
33.93
33.93
34.56
34.56
35.12
35.12
35.68
35.68
36.25
36.25
36.87
36.87
37.12
37.12
37.68
37.68
38.25
38.25
38.68
38.68
39.12
39.12
39.5
39.5
39.75
39.75
39.87
39.87
40
40
40.12
40.12
40.18
40.18
40.12
40.12
40.06
40.06
39.93
39.93
39.87
39.87
39.68
39.68
39.5
39.5
39.25
39.25
38.93
38.93
38.68
38.68
38.37
38.37
38.12
38.12
38
38
37.68
37.68
37.43
37.43
37.12
37.12
36.81
36.81
36.5
36.5
36.31
36.31
36
36
35.68
35.68
35.37
35.37
35.06
35.06
34.81
34.81
34.56
34.56
34.43
34.43
34.18
34.18
34
34
33.81
33.81
33.68
33.68
33.62
33.62
33.68
33.68
33.75
33.75
33.87
33.87
34.06
34.06
34.31
34.31
34.62
34.62
35
35
35.43
35.43
35.81
35.81
36.06
36.06
36.5
36.5
37
37
37.43
37.43
37.93
37.93
38.43
38.43
38.68
38.68
39.18
39.18
39.68
39.68
40.18
40.18
40.68
40.68
41.18
41.18
41.62
41.62
41.81
41.81
42.12
42.12
42.43
42.43
42.68
42.68
42.81
42.81
42.93
42.93
43
43
43
43
42.93
42.93
42.81
42.81
42.62
42.62
42.43
42.43
42.18
42.18
41.93
41.93
41.81
41.81
41.56
41.56
41.25
41.25
40.93
40.93
40.56
40.56
40.25
40.25
39.93
39.93
39.75
39.75
39.37
39.37
39
39
38.68
38.68
38.31
38.31
38
38
37.62
37.62
37.5
37.5
37.18
37.18
36.87
36.87
36.62
36.62
36.37
36.37
36.18
36.18
36.06
36.06
36
36
36
36
36.06
36.06
36.12
36.12
36.31
36.31
36.56
36.56
36.81
36.81
37
37
37.31
37.31
37.68
37.68
38.06
38.06
38.5
38.5
38.93
38.93
39.37
39.37
39.81
39.81
40.06
40.06
40.5
40.5
40.93
40.93
41.43
41.43
41.87
41.87
42.31
42.31
42.56
42.56
43
43
43.37
43.37
43.75
43.75
44.06
44.06
44.31
44.31
44.43
44.43
44.5
44.5
44.56
44.56
44.5
44.5
44.43
44.43
44.31
44.31
44.12
44.12
43.93
43.93
43.81
43.81
43.62
43.62
43.37
43.37
43
43
42.75
42.75
42.43
42.43
42.06
42.06
41.87
41.87
41.56
41.56
41.18
41.18
40.81
40.81
40.43
40.43
40.06
40.06
39.68
39.68
39.5
39.5
39.12
39.12
38.75
38.75
38.43
38.43
38.12
38.12
37.81
37.81
37.56
37.56
37.37
37.37
37.18
37.18
37.06
37.06
36.93
36.93
36.87
36.87
36.93
36.93
37
37
37.12
37.12
37.25
37.25
37.5
37.5
37.81
37.81
38.12
38.12
38.43
38.43
38.81
38.81
39.18
39.18
39.43
39.43
39.81
39.81
40.18
40.18
40.62
40.62
41.06
41.06
41.43
41.43
41.62
41.62
42.06
42.06
42.5
42.5
42.93
42.93
43.31
43.31
43.68
43.68
44
44
44.25
44.25
44.18
44.18
43.87
43.87
43.31
43.31
42.56
42.56
41.81
41.81
41
41
40.62
40.62
