22.06
22.06
22.06
22.06
22.06
22.06
22.06
22.12
22.12
22.25
22.25
22.43
22.43
22.68
22.68
23
23
23.43
23.43
23.87
23.87
24.12
24.12
24.68
24.68
25.25
25.25
25.87
25.87
26.56
26.56
27.25
27.25
27.93
27.93
28.31
28.31
29
29
29.75
29.75
30.5
30.5
31.18
31.18
31.87
31.87
32.5
32.5
32.81
32.81
33.43
33.43
34
34
34.5
34.5
34.93
34.93
35.31
35.31
35.62
35.62
35.75
35.75
35.93
35.93
36.06
36.06
36.12
36.12
36.12
36.12
36.06
36.06
35.93
35.93
35.87
35.87
35.75
35.75
35.5
35.5
35.31
35.31
35.06
35.06
34.75
34.75
34.5
34.5
34.37
34.37
34.06
34.06
33.81
33.81
33.5
33.5
33.25
33.25
33
33
32.75
32.75
32.68
32.68
32.5
32.5
32.37
32.37
32.25
32.25
32.12
32.12
32.12
32.12
32.18
32.18
32.18
32.18
32.31
32.31
32.43
32.43
32.62
32.62
32.87
32.87
33.18
33.18
33.5
33.5
33.68
33.68
34.06
34.06
34.5
34.5
34.93
34.93
35.37
35.37
35.87
35.87
36.37
36.37
36.62
36.62
37.06
37.06
37.56
37.56
38
38
38.37
38.37
38.75
38.75
39.06
39.06
39.18
39.18
39.31
39.31
39.5
39.5
39.56
39.56
39.56
39.56
39.5
39.5
39.31
39.31
39.25
39.25
39.06
39.06
38.87
38.87
38.62
38.62
38.31
38.31
38
38
37.68
37.68
37.56
37.56
37.25
37.25
36.87
36.87
36.5
36.5
36.18
36.18
35.81
35.81
35.5
35.5
35.37
35.37
35.06
35.06
34.81
34.81
34.56
34.56
34.37
34.37
34.18
34.18
34.06
34.06
34
34
33.93
33.93
33.87
33.87
33.87
33.87
33.93
33.93
34
34
34.12
34.12
34.18
34.18
34.37
34.37
34.56
34.56
34.81
34.81
35.06
35.06
35.37
35.37
35.68
35.68
35.87
35.87
36.18
36.18
36.56
36.56
36.93
36.93
37.31
37.31
37.68
37.68
38
38
38.12
38.12
38.43
38.43
38.68
38.68
38.87
38.87
39.06
39.06
39.12
39.12
39.18
39.18
39.18
39.18
39.12
39.12
39.06
