3631
3631
3631
3631
3631
3618
3618
3612
3612
3606
3606
3593
3593
3581
3581
3575
3575
3568
3568
3556
3556
3550
3550
3543
3543
3537
3537
3531
3531
3525
3525
3525
3525
3518
3518
3518
3518
3512
3512
3512
3512
3512
3512
3506
3506
3506
3506
3506
3506
3506
3506
3506
3506
3500
3500
3500
3500
3500
3500
3500
3500
3493
3493
3493
3493
3493
3493
3493
3493
3493
3493
3493
3493
3493
3493
3493
3493
3493
3493
3487
3487
3487
3487
3487
3487
3487
3487
3487
3487
3487
3487
3487
3487
3487
3487
3487
3487
3481
3481
3481
3481
3481
3481
3481
3481
3481
3481
3481
3481
3481
3481
3481
3481
3481
3481
3481
3481
3481
3481
3481
3481
3481
3481
3481
3481
3481
3481
3481
3481
3481
3481
3475
3475
3475
3475
3475
3475
3475
3475
3475
3475
3475
3475
3475
3475
3475
3475
3481
3481
3481
3481
3481
3481
3481
3481
3481
3481
3487
3487
3481
3481
3487
3487
3481
3481
3481
3481
3481
3481
3481
3481
3481
3481
3481
3481
3481
3481
3481
3481
3481
3481
3481
3481
3481
3481
3481
3481
3481
3481
3481
3481
3481
3481
3481
3481
3481
3481
3481
3481
3481
3481
3481
3481
3481
3481
3481
3481
3481
3481
3481
3481
3481
3481
3481
3481
3481
3481
3481
3481
3481
3481
3481
3481
3481
3481
3481
3481
3481
3481
3481
3481
3481
3481
3481
3481
3481
3481
3475
3475
3475
3475
3475
3475
3475
3475
3475
3475
3475
3475
3475
3475
3475
3475
3475
3475
3475
3475
3475
3475
3475
3475
3475
3475
3475
3475
3475
3475
3475
3475
3475
3475
3475
3475
3481
3481
3481
3481
3481
3481
3481
3481
3481
3481
3481
3481
3481
3481
3481
3481
3481
3481
3481
3481
3481
3481
3481
3481
3481
3481
3481
3481
3481
3481
3481
3481
3481
3481
3481
3481
3481
3481
3481
3481
3481
3481
3481
3481
3481
3481
3475
3475
3475
3475
3475
3475
3475
3475
3468
3468
3468
3468
3468
3468
3468
3468
3468
3468
3468
3468
3475
3475
3475
3475
3475
3475
3475
3475
3475
3475
3468
3468
3475
3475
3475
3475
3468
3468
3475
3475
3475
3475
3475
3475
3475
3475
3475
3475
3475
3475
3468
3468
3468
3468
3468
3468
3475
3475
3468
3468
3468
3468
3468
3468
3468
3468
3468
3468
3468
3468
3468
3468
3468
3468
3475
3475
3475
3475
3475
3475
