36.56
37.18
37.18
37.43
37.43
38
38
38.5
38.5
39
39
39.43
39.43
39.81
39.81
40.12
40.12
40.18
40.18
40.37
40.37
40.43
40.43
40.43
40.43
40.37
40.37
40.25
40.25
40.06
40.06
40
40
39.75
39.75
39.5
39.5
39.18
39.18
38.87
38.87
38.5
38.5
38.18
38.18
38
38
37.62
37.62
37.25
37.25
36.87
36.87
36.5
36.5
36.25
36.25
36
36
35.87
35.87
35.68
35.68
35.56
35.56
35.56
35.56
35.56
35.56
35.62
35.62
35.81
35.81
35.93
35.93
36.18
36.18
36.43
36.43
36.81
36.81
37.18
37.18
37.56
37.56
37.93
37.93
38.12
38.12
38.56
38.56
38.81
38.81
39.06
39.06
39.25
39.25
39.31
39.31
39.31
39.31
39.31
39.31
39.25
39.25
39.12
39.12
38.93
38.93
38.75
38.75
38.5
38.5
38.25
38.25
38.12
38.12
37.81
37.81
37.56
37.56
37.18
37.18
36.87
36.87
36.56
36.56
36.25
36.25
36.06
36.06
35.75
35.75
35.5
35.5
35.25
35.25
35.06
35.06
34.93
34.93
34.93
34.93
34.93
34.93
35
35
35.12
35.12
35.31
35.31
35.56
35.56
35.87
35.87
36.25
36.25
36.43
36.43
36.87
36.87
37.31
37.31
37.68
37.68
38.06
38.06
38.43
38.43
38.68
38.68
38.81
38.81
39
39
39.06
39.06
39.06
39.06
39.06
39.06
38.93
38.93
38.75
38.75
38.68
38.68
38.5
38.5
38.25
38.25
38
38
37.68
37.68
37.37
37.37
37.12
37.12
36.93
36.93
36.62
36.62
36.31
36.31
36
36
35.68
35.68
35.43
35.43
35.18
35.18
35.06
35.06
34.93
34.93
34.87
34.87
34.87
34.87
35
35
35.12
35.12
35.31
35.31
35.43
35.43
35.68
35.68
36.06
36.06
36.43
36.43
36.87
36.87
37.25
37.25
37.68
37.68
37.93
37.93
38.31
38.31
38.56
38.56
38.81
38.81
39
39
39.12
39.12
39.12
39.12
39.12
39.12
39.06
39.06
38.93
38.93
38.75
38.75
38.18
38.18
37.43
