33.75
33.75
34.31
34.31
34.93
34.93
35.56
35.56
36.06
36.06
36.31
36.31
36.81
36.81
37.25
37.25
37.56
37.56
37.87
37.87
38.06
38.06
38.12
38.12
38.18
38.18
38.12
38.12
38.06
38.06
37.93
37.93
37.81
37.81
37.62
37.62
37.43
37.43
37.31
37.31
37.06
37.06
36.81
36.81
36.5
36.5
36.18
36.18
35.87
35.87
35.62
35.62
35.43
35.43
35.12
35.12
34.87
34.87
34.56
34.56
34.37
34.37
34.12
34.12
34
34
33.93
33.93
33.81
33.81
33.75
33.75
33.75
33.75
33.87
33.87
34
34
34.12
34.12
34.25
34.25
34.56
34.56
34.87
34.87
35.25
35.25
35.62
35.62
36.06
36.06
36.5
36.5
36.75
36.75
37.25
37.25
37.68
37.68
38.06
38.06
38.43
38.43
38.75
38.75
39
39
39.12
39.12
39.25
39.25
39.37
39.37
39.37
39.37
39.31
39.31
39.25
39.25
39.12
39.12
39
39
38.81
38.81
38.56
38.56
38.31
38.31
38
38
37.68
37.68
37.31
37.31
37.18
37.18
36.87
36.87
36.5
36.5
36.18
36.18
35.87
35.87
35.56
35.56
35.31
35.31
35.12
35.12
34.93
34.93
34.68
34.68
34.56
34.56
34.43
34.43
34.37
34.37
34.31
34.31
34.37
34.37
34.43
34.43
34.56
34.56
34.75
34.75
35
35
35.31
35.31
35.68
35.68
35.87
35.87
36.25
36.25
36.68
36.68
37.12
37.12
37.56
37.56
38
38
38.43
38.43
38.62
38.62
39
39
39.31
39.31
39.56
39.56
39.75
39.75
39.81
39.81
39.87
39.87
39.87
39.87
39.81
39.81
39.68
39.68
39.5
39.5
39.31
39.31
39.06
39.06
38.75
38.75
38.62
38.62
38.31
38.31
38
38
37.68
37.68
37.37
37.37
37
37
36.68
36.68
36.5
36.5
36.18
36.18
35.87
35.87
35.56
35.56
35.31
35.31
35.06
35.06
34.81
34.81
34.75
34.75
34.56
34.56
34.5
34.5
34.43
34.43
34.43
34.43
34.56
34.56
34.68
34.68
34.75
34.75
