27.12
27.12
26.87
26.87
26.81
26.81
26.68
26.68
26.62
26.62
26.62
26.62
26.68
26.68
26.87
26.87
27.12
27.12
27.31
27.31
27.68
27.68
28.12
28.12
28.56
28.56
29.12
29.12
29.62
29.62
30.25
30.25
30.56
30.56
31.18
31.18
31.81
31.81
32.43
32.43
33.12
33.12
33.75
33.75
34.31
34.31
34.62
34.62
35.18
35.18
35.75
35.75
36.25
36.25
36.68
36.68
37.12
37.12
37.56
37.56
37.75
37.75
38.06
38.06
38.31
38.31
38.5
38.5
38.62
38.62
38.75
38.75
38.81
38.81
38.81
38.81
38.81
38.81
38.75
38.75
38.62
38.62
38.5
38.5
38.31
38.31
38.12
38.12
38
38
37.75
37.75
37.5
37.5
37.18
37.18
36.87
36.87
36.56
36.56
36.25
36.25
36.06
36.06
35.75
35.75
35.5
35.5
35.18
35.18
34.93
34.93
34.62
34.62
34.37
34.37
34.25
34.25
34.06
34.06
33.87
33.87
33.68
33.68
33.56
33.56
33.37
33.37
33.31
33.31
33.25
33.25
33.18
33.18
33.12
33.12
33.12
33.12
33.12
33.12
33.12
33.12
33.18
33.18
33.25
33.25
33.31
33.31
33.43
33.43
33.56
33.56
33.68
33.68
33.81
33.81
34
34
34.06
34.06
34.25
34.25
34.43
34.43
34.62
34.62
34.81
34.81
35
35
35.12
35.12
35.25
35.25
35.37
35.37
35.56
35.56
35.68
35.68
35.87
35.87
36
36
36.12
36.12
36.12
36.12
36.25
36.25
36.31
36.31
36.37
36.37
36.37
36.37
36.43
36.43
36.43
36.43
36.43
36.43
36.43
36.43
36.37
36.37
36.37
36.37
36.31
36.31
36.25
36.25
36.18
36.18
36.18
36.18
36.06
36.06
36
36
35.87
35.87
35.75
35.75
35.62
35.62
35.5
35.5
35.5
35.5
35.37
35.37
35.25
35.25
35.12
35.12
35.06
35.06
34.93
34.93
34.81
34.81
34.81
34.81
34.68
34.68
34.62
34.62
34.56
34.56
34.5
34.5
34.43
34.43
34.37
34.37
34.37
34.37
34.37
34.37
34.31
34.31
34.31
34.31
34.31
34.31
34.31
34.31
34.31
34.31
34.31
34.31
34.37
34.37
34.37
34.37
34.37
34.37
34.43
34.43
34.5
34.5
34.56
34.56
34.56
34.56
34.62
34.62
34.68
34.68
34.75
34.75
34.81
34.81
34.87
34.87
35
35
35
35
35.06
35.06
35.12
35.12
35.12
35.12
35.18
35.18
35.25
35.25
35.31
35.31
35.31
35.31
35.37
35.37
35.37
35.37
35.37
35.37
35.43
35.43
35.43
35.43
35.43
35.43
35.5
35.5
35.5
35.5
35.5
35.5
35.5
35.5
35.5
35.5
35.5
35.5
35.5
35.5
35.43
35.43
35.43
35.43
35.43
35.43
35.37
35.37
35.37
35.37
35.31
35.31
35.31
35.31
35.25
35.25
35.25
35.25
35.18
35.18
35.18
35.18
35.12
35.12
35.06
35.06
35.06
35.06
35
35
35
35
34.93
34.93
34.87
34.87
34.87
34.87
34.87
34.87
34.87
34.87
34.81
34.81
34.81
34.81
34.81
34.81
34.81
34.81
34.81
34.81
34.81
34.81
34.81
34.81
34.81
34.81
34.81
34.81
34.81
34.81
34.81
