28.68
28.68
28.43
28.43
28.31
28.31
28.18
28.18
28.12
28.12
28.12
28.12
28.18
28.18
28.25
28.25
28.37
28.37
28.56
28.56
28.75
28.75
29.06
29.06
29.18
29.18
29.56
29.56
30
30
30.43
30.43
30.93
30.93
31.43
31.43
31.93
31.93
32.25
32.25
32.81
32.81
33.37
33.37
34
34
34.56
34.56
35.18
35.18
35.75
35.75
36.06
36.06
36.56
36.56
37.12
37.12
37.68
37.68
38.18
38.18
38.62
38.62
39.06
39.06
39.25
39.25
39.62
39.62
39.93
39.93
40.18
40.18
40.37
40.37
40.56
40.56
40.62
40.62
40.68
40.68
40.62
40.62
40.56
40.56
40.43
40.43
40.25
40.25
40.06
40.06
39.81
39.81
39.68
39.68
39.37
39.37
39.12
39.12
38.81
38.81
38.5
38.5
38.12
38.12
37.81
37.81
37.62
37.62
37.25
37.25
36.87
36.87
36.56
36.56
36.18
36.18
35.87
35.87
35.5
35.5
35.37
35.37
35.06
35.06
34.75
34.75
34.43
34.43
34.18
34.18
33.93
33.93
33.68
33.68
33.62
33.62
33.43
33.43
33.25
33.25
33.12
33.12
33.06
33.06
32.93
32.93
32.93
32.93
32.87
32.87
32.93
32.93
32.93
32.93
33
33
33.06
33.06
33.18
33.18
33.31
33.31
33.37
33.37
33.56
33.56
33.75
33.75
33.93
33.93
34.12
34.12
34.31
34.31
34.56
34.56
34.68
34.68
34.93
34.93
35.18
35.18
35.43
35.43
35.68
35.68
35.93
35.93
36.12
36.12
36.25
36.25
36.5
36.5
36.68
36.68
36.87
36.87
37.06
37.06
37.25
37.25
37.37
37.37
37.37
37.37
37.5
37.5
37.56
37.56
37.62
37.62
37.62
37.62
37.62
37.62
37.62
37.62
37.62
37.62
37.62
37.62
37.5
37.5
37.37
37.37
37.25
37.25
37.12
37.12
36.93
36.93
36.87
36.87
36.68
36.68
36.5
36.5
36.25
36.25
36.06
36.06
35.81
35.81
35.56
35.56
35.43
35.43
35.25
35.25
35
35
34.81
34.81
34.56
34.56
34.31
34.31
34.12
34.12
34.06
34.06
33.87
33.87
33.68
33.68
33.5
33.5
33.31
33.31
33.18
33.18
33.06
33.06
33.06
33.06
32.93
32.93
32.87
32.87
32.81
32.81
32.81
32.81
32.81
32.81
32.81
32.81
32.81
32.81
32.87
32.87
32.93
32.93
33.06
33.06
33.18
33.18
33.31
33.31
33.5
33.5
33.56
33.56
33.75
33.75
33.87
33.87
34.12
34.12
34.31
34.31
34.5
34.5
34.68
34.68
34.81
34.81
35
35
35.18
35.18
35.43
35.43
35.62
35.62
35.75
35.75
35.93
35.93
36.06
36.06
36.18
36.18
36.31
36.31
36.43
36.43
36.56
36.56
36.68
36.68
36.75
36.75
36.81
36.81
36.87
36.87
36.93
36.93
36.93
36.93
36.93
36.93
36.93
36.93
36.87
36.87
36.87
36.87
36.75
36.75
36.68
36.68
36.56
36.56
36.5
36.5
36.37
36.37
36.25
36.25
36.18
36.18
36
36
35.87
35.87
35.68
35.68
35.5
35.5
35.31
35.31
35.12
35.12
35.06
35.06
