34.56
34.56
34.56
34.56
34.56
34.56
34.62
34.62
34.62
34.62
34.68
34.68
34.75
34.75
34.75
34.75
34.75
34.75
34.75
34.75
34.75
34.75
34.75
34.75
34.75
34.75
34.75
34.75
34.75
34.75
34.75
34.75
34.75
34.75
34.68
34.68
34.75
34.75
34.75
34.75
34.75
34.75
34.68
34.68
34.75
34.75
34.75
34.75
34.75
34.75
34.75
34.75
34.75
34.75
34.75
34.75
34.81
34.81
34.81
34.81
34.81
34.81
34.81
34.81
34.81
34.81
34.87
34.87
34.93
34.93
35
35
35
35
35.06
35.06
35.06
35.06
35.12
35.12
35.12
35.12
35.12
35.12
35.18
35.18
35.18
35.18
35.25
35.25
35.25
35.25
35.25
35.25
35.25
35.25
35.31
35.31
35.31
35.31
35.37
35.37
35.37
35.37
35.37
35.37
35.43
35.43
35.43
35.43
35.43
35.43
35.5
35.5
35.5
35.5
35.5
35.5
35.5
35.5
35.5
35.5
35.56
35.56
35.56
35.56
35.62
35.62
35.62
35.62
35.62
35.62
35.68
35.68
35.75
35.75
35.75
35.75
35.75
35.75
35.75
35.75
35.75
35.75
35.75
35.75
35.75
35.75
35.81
35.81
35.81
35.81
35.87
35.87
35.87
35.87
35.87
35.87
35.93
35.93
35.93
35.93
35.93
35.93
36
36
36
36
36.06
36.06
36.06
36.06
36.06
36.06
36.06
36.06
36.06
36.06
36.06
36.06
36.06
36.06
36.06
36.06
36.12
36.12
36.12
36.12
36.12
36.12
36.12
36.12
36.12
36.12
36.12
36.12
36.18
36.18
36.18
36.18
36.12
36.12
36.18
36.18
36.18
36.18
36.18
36.18
36.18
36.18
36.18
36.18
36.18
36.18
36.18
36.18
36.18
36.18
36.18
36.18
36.25
36.25
36.25
36.25
36.31
36.31
36.31
36.31
36.31
36.31
36.37
36.37
36.37
36.37
36.37
36.37
36.37
36.37
36.37
36.37
36.31
36.31
36.31
36.31
36.31
36.31
36.31
36.31
36.37
36.37
36.37
36.37
36.37
36.37
36.43
36.43
36.43
36.43
36.43
36.43
36.43
36.43
36.43
36.43
36.43
36.43
36.43
36.43
36.43
36.43
36.43
36.43
36.43
36.43
36.43
36.43
36.43
36.43
36.43
36.43
36.43
36.43
36.43
36.43
36.43
36.43
36.43
36.43
36.43
36.43
36.43
36.43
36.43
36.43
36.43
36.43
36.43
36.43
36.43
36.43
36.43
36.43
36.43
36.43
36.43
36.43
36.43
36.43
36.5
36.5
36.43
36.43
36.43
36.43
36.43
36.43
36.43
36.43
36.5
36.5
36.5
36.5
36.56
36.56
36.56
36.56
36.56
36.56
36.56
36.56
36.56
36.56
36.56
36.56
36.5
36.5
36.5
36.5
36.5
36.5
36.5
36.5
36.5
36.5
36.5
36.5
36.5
36.5
36.5
36.5
36.5
36.5
36.5
36.5
36.5
36.5
36.43
36.43
36.43
36.43
36.43
36.43
36.43
36.43
36.43
36.43
36.43
36.43
36.43
36.43
36.43
36.43
36.43
36.43
36.5
36.5
36.43
36.43
36.43
36.43
36.43
36.43
36.5
36.5
36.5
36.5
36.5
36.5
36.5
36.5
36.5
36.5
36.5
36.5
36.5
36.5
36.5
36.5
36.5
36.5
36.5
36.5
36.5
36.5
36.5
36.5
36.56
36.56
36.56
36.56
36.56
36.56
36.56
36.56
36.56
36.56
36.56
36.56
36.56
36.56
36.56
36.56
36.56
36.56
36.56
36.56
36.56
36.56
36.5
36.5
36.5
36.5
36.5
36.5
36.5
36.5
36.5
36.5
36.5
36.5
36.5
36.5
36.5
36.5
36.5
36.5
36.5
36.5
36.56
36.56
36.56
36.56
36.56
36.56
36.56
36.56
36.56
36.56
36.56
36.56
36.56
36.56
36.56
36.56
36.56
36.56
36.62
36.62
36.62
36.62
36.62
36.62
36.68
36.68
36.68
36.68
36.68
36.68
36.68
36.68
36.62
36.62
36.62
36.62
36.62
36.62
36.62
36.62
36.62
36.62
36.56
36.56
36.56
36.56
36.56
36.56
36.56
36.56
36.62
36.62
36.62
36.62
36.62
