2.4582
3.6928
4.7242
5.439
5.9989
6.4245
6.7366
6.9526
7.0892
7.1608
7.1796
7.1567
7.1166
7.1773
7.2065
7.2061
7.334
7.4306
7.6283
7.8003
8.0575
8.3924
8.8196
9.3079
9.713
10.166
10.66
11.194
11.747
12.182
12.638
13.115
13.481
13.757
14.086
14.338
14.651
15.027
15.328
15.695
16.146
16.539
16.988
17.492
17.932
18.298
18.617
19.001
19.33
19.744
20.095
20.516
20.867
21.29
21.637
22.049
22.387
22.672
23.06
23.392
23.684
23.936
24.17
24.381
24.567
24.731
24.875
24.865
24.862
24.871
24.774
24.732
24.613
24.571
24.471
24.44
24.346
24.333
24.266
24.281
24.26
24.2
24.214
24.164
24.192
24.296
24.335
24.309
24.337
24.306
24.196
24.052
24.005
23.916
23.787
23.593
23.481
23.436
23.347
23.217
23.16
23.165
23.101
23.086
22.995
22.97
22.892
22.764
22.704
22.559
22.327
22.039
21.821
21.667
21.45
21.297
21.199
21.032
20.919
20.726
20.599
20.526
20.501
20.399
20.363
20.38
20.441
20.528
20.654
20.803
20.957
21.129
21.422
21.573
21.729
21.873
21.999
22.117
22.225
22.327
22.419
22.499
22.563
22.494
22.432
22.371
22.296
22.218
22.12
22.015
22.023
22.022
22.01
21.996
21.982
21.971
21.85
21.767
21.717
21.706
21.721
21.75
21.806
21.891
21.99
22.095
22.073
22.054
22.036
22.012
21.982
21.951
21.914
21.88
21.707
21.564
21.45
21.371
21.321
21.299
21.288
21.429
21.428
21.448
21.482
21.533
21.73
21.776
21.828
21.882
21.936
21.981
22.033
22.08
22.117
22.15
22.171
22.179
22.186
22.188
22.181
22.158
22.12
22.07
21.896
21.735
21.581
21.44
21.315
21.188
21.063
20.949
20.855
20.666
20.512
20.388
20.301
20.243
20.325
20.413
20.522
20.646
20.772
20.891
21
21.204
21.39
21.546
21.667
21.751
21.796
21.804
21.779
21.608
21.433
21.252
21.078
20.926
20.796
20.686
20.604
20.547
20.513
20.51
20.645
20.769
20.879
20.956
21.02
21.048
21.064
21.066
20.961
20.877
20.81
20.755
20.72
20.7
20.692
20.693
20.71
20.738
20.778
20.833
21.013
21.187
21.36
21.524
21.678
21.811
21.921
22.153
22.345
22.504
22.633
22.745
22.842
23.047
23.229
23.283
23.341
23.386
23.289
23.216
23.17
23.148
23.145
23.05
22.989
22.949
22.931
22.935
22.848
22.811
22.817
22.857
22.919
23.001
23.091
23.196
32.846
41.063
47.964
53.577
58.059
61.544
64.047
65.831
67.016
67.566
67.732
67.479
67.102
66.508
65.744
64.815
63.895
62.97
61.988
61.151
60.286
59.441
58.686
58.033
57.415
56.834
56.207
55.583
54.978
54.345
53.6
52.883
52.109
51.346
50.531
49.647
48.845
48.14
47.416
46.756
46.204
45.745
45.326
44.88
44.401
43.919
43.45
42.956
42.445
41.911
41.421
40.923
40.442
39.983
39.531
39.095
38.587
38.169
37.767
37.347
36.927
36.567
36.197
35.797
35.346
34.856
34.303
33.693
33.117
32.504
31.855
31.262
30.646
30.133
29.699
29.327
29.001
28.755
28.587
28.502
28.475
28.481
28.496
28.534
28.577
28.644
28.709
28.758
28.8
28.854
28.972
29.118
29.3
29.519
29.668
29.806
29.916
30.078
30.236
30.367
30.539
30.65
30.692
30.71
30.665
30.6
30.476
30.367
30.194
30.007
29.798
29.602
29.414
29.249
29.094
29.049
29.04
29.071
29.159
29.215
29.338
29.525
29.68
29.88
30.094
30.409
30.73
31.119
31.624
32.209
32.79
33.482
34.246
35.063
35.942
36.761
37.582
38.352
39.048
39.791
40.464
41.046
41.641
42.134
42.517
42.871
42.97
42.931
42.719
42.373
41.847
41.291
40.726
40.152
39.586
38.998
38.472
37.999
37.571
37.238
37.049
36.889
36.873
36.947
37.122
37.363
37.565
37.765
37.865
37.875
37.801
37.718
37.553
37.384
37.128
36.901
36.699
36.539
36.349
36.216
36.013
35.818
35.635
35.49
35.311
35.163
35.038
34.927
34.848
34.72
34.607
34.444
34.329
34.183
34.055
33.913
33.806
33.643
33.527
33.435
33.348
33.25
33.133
32.99
32.816
32.659
32.374
32.093
31.681
31.19
30.622
30.004
29.432
28.82
28.124
27.441
26.792
26.287
25.848
25.495
25.262
25.198
25.208
25.276
25.362
25.551
25.773
26.088
26.4
26.762
27.15
27.456
27.787
28.121
28.473
28.767
29.095
29.507
29.926
30.429
31.083
31.749
32.514
33.329
34.162
35.005
35.828
36.641
37.403
38.153
38.852
39.588
40.397
41.167
41.967
42.696
43.354
43.94
44.438
44.855
45.203
45.486
45.699
45.852
45.877
45.794
45.697
45.501
45.239
44.86
44.464
43.994
43.539
43.029
42.489
41.933
41.439
40.941
40.511
40.048
39.636
39.225
38.738
38.261
37.739
37.183
36.664
36.114
35.554
34.947
34.314
33.681
33.1
32.579
32.169
31.793
31.505
31.25
31.076
30.892
41.506
51.171
59.921
67.755
74.721
80.726
85.962
90.596
94.559
97.937
100
100
100
100
100
100
100
100
100
100
100
100
100
100
100
100
100
100
100
100
100
100
100
100
100
100
100
100
100
100
100
100
100
100
100
100
100
100
100
100
99.913
99.703
99.33
98.803
98.18
97.497
96.762
96.012
95.236
94.433
93.586
92.741
91.932
91.107
90.307
89.515
88.73
87.984
87.27
86.63
86.057
85.5
84.994
84.534
84.119
83.77
83.468
83.243
83.071
82.972
82.887
82.756
82.617
82.49
82.319
82.095
81.798
81.423
81.006
80.529
79.982
79.456
78.899
78.389
77.873
77.341
76.826
76.313
75.838
75.381
74.898
74.459
73.975
73.442
72.86
72.189
71.403
70.513
69.523
68.457
67.368
66.279
65.233
64.192
63.203
62.306
61.496
60.801
60.244
59.753
59.407
59.133
58.904
58.705
58.563
58.459
58.419
58.43
58.473
58.537
58.704
58.908
59.144
59.405
59.724
60.049
60.37
60.683
60.983
61.304
61.635
61.965
62.286
62.627
62.934
63.241
63.535
63.771
63.99
64.184
64.311
64.464
64.633
64.767
64.826
64.871
64.94
64.997
65.002
65.042
65.112
65.16
65.224
65.267
65.253
65.185
65.069
64.871
64.609
64.337
64.019
63.712
63.355
63.034
62.717
62.455
62.291
62.22
62.272
62.433
62.683
63.042
63.454
63.946
64.538
65.218
65.92
66.672
67.462
68.279
69.11
69.949
70.792
71.593
72.381
73.111
73.787
74.446
75.08
75.675
76.192
76.666
77.131
77.546
77.945
78.245
78.498
78.619
78.625
78.529
78.261
77.888
77.393
76.789
76.098
75.306
74.482
73.691
72.946
72.289
71.715
71.185
70.727
70.336
69.918
69.56
69.17
68.703
68.188
67.58
66.882
66.104
65.302
64.439
63.533
62.679
61.834
61.008
60.249
59.555
58.967
58.512
58.18
57.987
57.919
58.043
58.277
58.599
58.983
59.449
59.975
60.539
61.167
61.801
62.464
63.111
63.77
64.401
64.963
65.505
65.98
66.433
66.78
67.077
67.293
67.439
67.528
67.571
67.583
67.538
67.485
67.431
67.347
67.284
67.247
67.189
67.16
67.16
67.188
67.245
67.284
67.31
67.28
67.2
67.074
66.908
66.704
66.468
66.201
65.91
65.603
65.323
65.025
64.759
64.518
64.251
63.958
63.722
63.49
63.294
53.234
43.806
34.974
26.712
19.03
11.886
5.2448
0
0
0
0
0
0
0
0
0
0
0
0
0
0
0
0
0
0
0
0
0
0
0
0
0
0
0
0
0
0
0
0
0
0
0
0
0
0
0
0
0
0
0
0
0
0
0
0
0
0
0
0
0
0
0
0
0
0
0
0
0
0
0
0.047261
0.27506
0.74994
1.3875
2.0748
2.9015
3.6792
4.4184
5.2664
6.0807
6.9074
7.718
8.5107
9.2315
9.9388
10.539
11.045
11.547
11.958
12.316
12.624
12.736
12.726
12.56
12.286
11.962
11.621
11.344
11.037
10.929
10.941
11.079
11.351
11.736
12.113
12.51
12.907
13.289
13.674
14.191
14.842
15.605
16.418
17.399
18.573
19.926
21.267
22.633
23.893
25.17
26.434
27.561
28.552
29.411
30.167
30.691
31.018
31.182
31.109
30.852
30.467
29.896
29.272
28.522
27.731
26.971
26.228
25.425
24.625
23.789
22.976
22.209
21.664
21.199
20.795
20.625
20.654
20.874
21.333
22.066
22.858
23.791
24.691
25.516
26.199
26.843
27.252
27.488
27.469
27.248
26.768
26.098
25.144
24.014
22.678
21.365
19.997
18.782
17.601
16.583
15.789
15.118
14.562
14.208
14.004
13.802
13.699
13.549
13.455
13.396
13.566
13.682
13.852
14.036
14.217
14.393
14.687
14.947
15.131
15.26
15.478
15.681
15.914
16.083
16.364
16.533
16.758
16.94
17.124
17.237
17.371
17.655
17.984
18.55
19.186
19.89
20.818
21.922
23.034
24.357
25.703
27.182
28.598
29.942
31.304
32.541
33.628
34.51
35.2
35.711
35.953
35.967
35.794
35.463
35.018
34.379
33.581
32.566
31.575
30.527
29.456
28.516
27.584
26.681
25.901
25.33
24.836
24.302
23.718
23.108
22.391
21.588
20.706
19.674
18.649
17.576
16.582
15.675
14.887
14.3
13.787
13.384
12.951
12.496
12.014
11.458
10.885
10.253
9.6284
9.0202
8.4749
7.9775
7.5185
7.1983
6.8841
6.6897
6.4838
6.3815
6.3792
6.5789
6.948
7.4745
8.1616
8.9667
9.8759
10.866
11.929
12.854
13.759
14.65
15.505
16.445
17.422
18.404
19.368
20.319
21.23
22.079
22.847
23.598
24.3
24.824
25.315
25.533
25.645
25.691
25.538
25.175
24.78
24.26
