2.002
2.6576
3.1775
3.5641
3.8425
4.0305
4.1448
4.1998
4.2098
4.1854
4.136
4.0696
4.1643
4.2285
4.2654
4.4346
4.5703
4.8287
5.2205
5.5383
5.9376
6.2467
6.6462
7.118
7.6624
8.2374
8.6727
9.137
9.6332
10.168
10.714
11.269
11.813
12.383
12.939
13.495
14.057
14.658
15.249
15.842
16.446
16.902
17.412
17.955
18.527
18.945
19.419
19.951
20.355
20.805
21.14
21.389
21.725
21.986
22.176
22.326
22.439
22.53
22.624
22.717
22.825
22.941
23.076
23.222
23.208
23.236
23.295
23.377
23.327
23.331
23.388
23.313
23.319
23.411
23.403
23.483
23.633
23.676
23.786
23.796
23.707
23.546
23.33
23.248
23.103
22.898
22.819
22.672
22.478
22.411
22.278
22.079
22.016
21.894
21.876
21.779
21.768
21.662
21.655
21.709
21.622
21.6
21.629
21.696
21.649
21.658
21.728
21.676
21.684
21.725
21.796
21.731
21.708
21.726
21.782
21.872
21.989
22.129
22.285
22.453
22.449
22.479
22.548
22.649
22.788
22.947
23.114
23.122
23.168
23.246
23.331
23.278
23.255
23.248
23.263
23.293
23.327
23.206
23.118
23.056
23.015
22.984
22.777
22.606
22.465
22.198
21.979
21.803
21.65
21.54
21.301
21.129
21.023
20.963
20.954
20.82
20.751
20.742
20.594
20.535
20.528
20.563
20.642
20.76
20.89
21.031
21.162
21.123
21.094
21.076
21.059
21.041
21.025
21
20.986
20.983
20.985
20.997
21.01
21.026
21.026
21.025
21.023
21.019
21.016
21.008
20.999
20.996
21.149
21.271
21.371
21.449
21.516
21.413
21.335
21.28
21.248
21.241
21.258
21.29
21.337
21.397
21.457
21.352
21.274
21.209
21.171
21.156
21.144
21.131
21.12
21.104
21.243
21.346
21.429
21.64
21.796
21.907
21.965
21.977
22.165
22.291
22.366
22.403
22.397
22.359
22.306
22.237
22.158
22.066
21.783
21.708
21.45
21.228
21.026
20.852
20.708
20.603
20.533
20.327
20.175
20.063
19.979
19.928
19.889
19.713
19.57
19.432
19.323
19.062
19.014
18.98
18.982
19.004
19.043
19.256
19.448
19.629
19.792
19.945
20.095
20.235
20.368
20.491
20.613
20.725
20.828
20.93
21.203
21.422
21.604
21.937
22.212
22.445
22.629
22.785
22.904
23.013
23.111
23.194
23.278
23.352
23.407
23.459
23.509
23.373
23.28
23.234
23.235
23.253
23.301
23.386
23.495
23.641
23.81
23.989
24.021
24.075
24.147
24.226
37.404
48.148
56.73
63.222
67.792
70.923
72.708
73.565
73.522
72.816
71.786
70.398
68.955
67.44
65.893
64.175
62.673
61.182
59.809
58.658
57.546
56.574
55.642
54.959
54.309
53.584
53.007
52.371
51.658
50.865
49.927
49.042
47.95
46.897
45.769
44.709
43.765
43.006
42.311
41.734
41.302
41.034
40.793
40.705
40.65
40.625
40.593
40.549
40.438
40.327
40.127
39.98
39.795
39.596
39.356
39.188
38.959
38.696
38.402
38.043
37.761
37.423
37.078
36.659
36.228
35.706
35.165
34.512
33.857
33.128
32.402
31.75
31.078
30.559
30.158
29.832
29.663
29.586
29.584
29.678
29.85
30.046
30.227
30.437
30.635
30.876
31.117
31.422
31.683
31.954
32.29
32.666
33.112
33.598
34.072
34.49
34.919
35.261
35.665
35.997
36.331
36.617
36.75
36.793
36.741
36.654
36.513
36.421
36.242
35.886
35.386
34.8
34.143
33.429
32.583
31.755
30.954
30.223
29.677
29.196
28.809
28.489
28.139
27.94
27.88
27.962
28.153
28.424
28.914
29.49
30.132
30.896
31.706
32.597
33.602
34.658
35.697
36.661
37.609
38.492
39.366
40.085
40.661
41.077
41.336
41.437
41.297
40.885
40.247
39.464
38.601
37.737
36.904
36.099
35.266
34.538
33.917
33.493
33.225
33.186
33.306
33.504
33.756
34.194
34.705
35.233
35.624
35.934
36.163
36.301
36.353
36.241
36.074
35.865
35.631
35.33
35.062
34.857
34.713
34.564
34.304
34.057
33.753
33.514
33.333
33.2
33.104
33.026
32.987
32.963
32.938
32.895
32.902
32.921
32.923
33.049
33.176
33.267
33.485
33.675
33.805
33.846
33.786
33.625
33.366
33
32.624
32.067
31.452
30.722
29.901
28.961
28.033
27.12
26.264
25.485
24.806
24.36
24.047
23.879
24.003
24.28
24.752
25.283
25.815
26.444
27.12
27.916
28.775
29.527
30.165
30.768
31.256
31.714
32.045
32.418
32.707
33.021
33.482
33.948
34.513
35.237
35.976
36.824
37.819
38.811
39.749
40.491
41.154
41.643
42.081
42.448
42.856
43.27
43.657
43.906
44.121
44.302
44.423
44.4
44.346
44.277
44.178
43.977
43.794
43.516
43.279
42.981
42.641
42.155
41.644
41.032
40.434
39.778
39.09
38.388
37.671
36.968
36.285
35.671
35.055
34.44
33.732
32.983
32.284
31.579
30.948
30.399
29.863
29.348
28.873
28.483
28.059
27.802
27.685
27.68
27.761
27.854
28.012
28.203
41.165
52.834
63.25
72.402
80.543
87.506
93.379
98.248
100
100
100
100
100
100
100
100
100
100
100
100
100
100
100
100
100
100
100
100
100
100
100
100
100
100
100
100
100
100
100
100
100
100
100
100
100
100
100
100
100
100
100
99.881
99.652
99.296
98.846
98.34
97.789
97.175
96.524
95.833
95.062
94.254
93.436
92.56
91.655
90.72
89.753
88.797
87.889
87.024
86.186
85.418
84.676
84.041
83.497
83.031
82.664
82.383
82.182
82.106
82.049
81.988
81.943
81.866
81.772
81.611
81.362
81.022
80.604
80.133
79.567
78.94
78.249
77.574
76.895
76.245
75.571
74.944
74.316
73.708
73.108
72.471
71.829
71.141
70.377
69.528
68.609
67.632
66.615
65.536
64.444
63.375
62.336
61.327
60.353
59.455
58.655
57.945
57.384
56.938
56.628
56.466
56.389
56.405
56.49
56.673
56.916
57.206
57.523
57.827
58.199
58.628
59.066
59.502
59.961
60.404
60.829
61.232
61.601
61.962
62.278
62.546
62.808
63.054
63.243
63.403
63.527
63.645
63.714
63.732
63.733
63.721
63.694
63.6
63.448
63.299
63.155
63.049
62.948
62.888
62.862
62.833
62.809
62.821
62.773
62.679
62.583
62.409
62.208
62.001
61.771
61.56
61.35
61.153
61.001
60.951
60.957
61.093
61.302
61.649
62.075
62.597
63.202
63.829
64.502
65.195
65.898
66.562
67.296
68.056
68.833
69.613
70.387
71.151
71.902
72.675
73.415
74.149
74.838
75.514
76.101
76.632
77.105
77.482
77.8
77.976
78.025
77.59
77.066
76.467
75.8
75.051
74.242
73.351
72.403
71.428
70.407
69.439
68.535
67.742
67.046
66.447
65.936
65.495
65.068
64.641
64.199
63.699
63.176
62.584
61.9
61.094
60.272
59.354
58.4
57.438
56.507
55.619
54.831
54.138
53.568
53.693
53.921
54.299
54.801
55.446
56.16
56.951
57.793
58.674
59.575
60.514
61.437
62.332
63.228
64.086
64.905
65.679
66.326
66.896
67.396
67.835
68.171
68.417
68.589
68.737
68.808
68.854
68.883
68.859
68.841
68.839
68.853
68.883
68.899
68.973
69.068
69.184
69.364
69.516
69.642
69.743
69.814
69.82
69.769
69.701
69.584
69.433
69.293
69.127
68.949
68.806
68.613
68.452
68.28
68.131
67.963
67.856
67.756
67.653
58.814
50.455
42.583
35.176
28.209
21.646
15.499
9.7475
4.3314
0
0
0
0
0
0
0
0
0
0
0
0
0
0
0
0
0
0
0
0
0
0
0
0
0
0
0
0
0
0
0
0
0
0
0
0
0
0
0
0
0
0
0
0
0
0
0
0
0
0
0
0
0
0
0
0
0
0
0
0
0
0
0
0.059513
0.45662
1.0378
1.9102
2.8111
8.9824
14.31
18.736
22.234
24.992
29.079
32.066
34.136
35.127
35.502
35.232
34.473
33.53
32.325
30.792
28.899
26.915
24.935
23.133
21.562
19.978
18.549
17.233
16.119
15.392
14.893
14.614
14.349
14.147
13.789
13.505
13.219
13.169
13.2
13.377
13.61
14.105
14.754
15.649
16.624
17.897
19.251
20.71
22.219
23.772
25.269
26.569
27.611
28.44
29.039
29.439
29.574
29.259
28.801
28.035
27.115
26.111
25.05
24.065
23.145
22.281
21.513
20.808
20.18
19.65
19.031
18.482
18.059
17.706
17.39
17.266
17.487
18
18.749
19.623
20.539
21.556
22.43
23.279
24.068
24.682
25.088
25.152
25.011
24.729
24.291
23.578
22.633
21.545
20.443
19.452
18.459
17.74
17.196
16.627
16.259
16.099
15.94
15.951
16.031
16.084
16.067
15.954
15.89
15.913
16.086
16.234
16.316
16.305
16.142
16.036
15.834
15.54
15.272
14.878
14.477
14.002
13.713
13.352
12.992
12.886
12.738
12.785
12.897
13.214
13.947
14.865
16.09
17.528
19.34
21.388
23.546
25.986
28.566
31.063
33.561
35.985
38.132
40.134
41.85
43.243
44.288
44.957
45.161
44.986
44.479
43.466
42.088
40.548
38.61
36.475
34.233
32.012
29.884
27.941
26.226
24.766
23.605
22.585
21.964
21.492
21.155
21.009
20.938
20.878
20.783
20.482
19.982
19.301
18.47
17.819
17.024
16.214
15.461
14.576
13.657
12.77
11.93
11.143
10.39
9.5412
8.6949
7.9917
7.3123
6.6691
6.0835
5.5235
5.129
4.7284
4.3123
4.0107
3.7929
3.6954
3.8456
4.1595
4.6831
5.5516
6.5231
7.6366
8.8081
10.052
11.272
12.524
13.681
14.815
16.055
17.199
18.357
19.344
20.289
21.012
21.551
22.114
22.654
23.083
23.28
23.345
23.366
23.361
23.355
23.279
23.324
23.232
