31.62
31.68
31.68
31.68
31.68
31.68
31.68
31.68
31.68
31.68
31.68
31.68
31.62
31.62
31.62
31.56
31.56
31.5
31.43
31.43
31.37
31.37
31.31
31.25
31.18
31.12
31.12
31.06
31
30.93
30.87
30.81
30.75
30.68
30.62
30.56
30.5
30.43
30.37
30.31
30.25
30.25
30.18
30.12
30.06
30.06
30
29.93
29.93
29.87
29.87
29.87
29.81
29.81
29.81
29.81
29.81
29.81
29.81
29.81
29.81
29.81
29.81
29.81
29.87
29.87
29.87
29.87
29.93
29.93
29.93
30
30
30
30.06
30.06
30.06
30.12
30.12
30.18
30.25
30.31
30.37
30.37
30.43
30.5
30.5
30.56
30.62
30.62
30.68
30.75
30.75
30.81
30.81
30.87
30.87
30.93
30.93
30.93
31
31
31
31
31.06
31.06
31.06
31.12
31.12
31.12
31.12
31.18
31.18
31.18
31.18
31.18
31.18
31.18
31.18
31.18
31.25
31.25
31.25
31.25
31.25
31.25
31.25
31.31
31.31
31.31
31.31
31.37
31.37
31.37
31.37
31.37
31.37
31.43
31.43
31.43
31.43
31.43
31.5
31.5
31.5
31.56
31.56
31.56
31.56
31.56
31.62
31.62
31.62
31.62
31.62
31.68
31.68
31.68
31.75
31.75
31.75
31.75
31.75
31.75
31.75
31.75
31.75
31.81
31.81
31.81
31.81
31.81
31.81
31.81
31.81
31.81
31.81
31.81
31.81
31.81
31.81
31.81
31.81
31.81
31.81
31.81
31.81
31.81
31.75
31.75
31.75
31.75
31.75
31.81
31.81
31.81
31.81
31.81
31.81
31.81
31.81
31.81
31.81
31.87
31.87
31.87
31.87
31.87
31.87
31.87
31.87
31.87
31.81
31.81
31.81
31.75
31.75
31.75
31.75
31.75
31.68
31.68
31.68
31.68
31.68
31.68
31.68
31.68
31.68
31.68
31.75
31.68
31.75
31.75
31.75
31.75
31.75
31.75
31.75
31.81
31.81
31.81
31.81
31.81
31.81
31.87
31.87
31.87
31.87
31.93
31.87
31.87
31.87
31.87
31.87
31.81
31.81
31.81
31.81
31.81
31.81
31.81
31.81
31.81
31.81
31.81
31.81
31.81
31.75
31.75
31.75
31.68
31.68
31.68
31.68
31.68
31.68
31.68
31.68
31.68
31.68
31.68
31.68
31.68
31.68
31.75
31.75
31.75
31.75
31.75
31.75
31.75
31.75
31.75
31.75
31.75
31.81
31.81
31.81
31.81
31.81
31.81
31.81
31.81
31.87
31.87
31.93
31.93
32
32.06
32.06
32.12
32.18
32.25
32.31
32.43
32.5
32.62
32.75
32.87
33
33.12
33.31
33.43
33.56
33.75
33.87
34
34.18
34.31
34.5
34.62
34.81
34.93
35.06
35.18
35.31
35.43
35.56
35.68
35.81
35.93
36.06
36.12
36.25
36.31
36.43
36.5
36.62
36.68
36.81
36.87
36.93
37
37.06
37.06
37.12
37.18
37.25
37.31
37.31
37.37
37.43
37.5
37.5
37.56
37.56
37.62
37.62
37.68
37.68
37.68
37.75
37.75
37.75
37.75
37.75
37.75
37.75
37.75
37.75
37.75
37.75
37.75
37.75
37.75
37.75
37.68
37.68
37.68
37.62
37.62
37.62
37.62
37.62
37.62
37.56
37.56
37.5
37.5
37.43
37.37
37.37
37.31
37.31
37.25
37.25
37.18
37.18
37.18
37.18
37.18
37.18
37.18
37.25
37.25
37.25
37.25
37.18
37.18
37.18
37.18
37.25
37.18
37.18
37.18
37.18
37.18
37.12
37.12
37.12
37.12
37.12
37.06
37
36.93
36.87
36.87
36.81
36.81
36.75
36.75
36.75
36.75
36.75
36.75
36.75
36.81
36.81
36.81
36.81
36.81
36.81
36.81
36.87
36.87
36.87
36.87
36.87
36.87
36.87
36.87
36.93
36.93
36.93
36.93
37
37
37
37
37
37.06
37.06
37.06
37.06
37.12
37.12
37.12
37.12
37.18
37.25
37.25
37.31
37.31
37.31
37.31
37.31
37.31
37.31
37.31
37.31
37.31
37.31
37.31
37.31
37.25
37.25
37.25
37.18
37.18
37.18
37.18
37.18
37.18
37.18
37.18
37.12
37.18
37.18
37.18
37.18
37.25
37.25
37.25
37.25
37.25
37.25
37.18
37.18
37.18
37.12
37.12
37.06
37.06
37.06
37
37
36.93
36.87
36.87
36.87
36.81
36.81
36.75
36.75
36.68
36.68
36.68
36.62
36.62
36.62
36.56
36.56
36.56
36.5
36.5
36.5
36.5
36.5
36.5
36.5
36.5
36.5
36.5
36.5
36.56
36.56
36.56
36.56
36.62
36.62
36.62
36.62
36.68
36.68
36.75
36.75
36.81
36.87
36.93
36.93
37
37
37.06
37.12
37.18
37.25
37.31
37.37
37.37
37.43
37.43
37.5
37.56
37.56
37.62
37.62
37.62
37.68
37.68
37.68
37.68
37.75
37.75
37.75
37.75
37.75
37.81
37.81
37.81
37.81
37.81
37.81
37.81
37.75
37.75
37.75
37.75
37.75
37.75
37.75
37.75
37.75
37.75
37.81
37.87
37.87
37.93
38.06
38.12
38.18
38.31
38.37
38.5
38.56
38.68
38.87
39
39.18
39.31
39.5
39.68
39.87
40
40.18
40.37
40.5
40.62
40.81
41
41.18
41.37
41.56
41.75
41.93
42.12
42.31
42.43
42.62
42.81
42.93
43.12
43.25
43.43
43.62
43.75
43.93
44.12
44.25
44.37
44.56
44.75
44.87
45.06
45.18
45.37
45.56
45.68
45.81
45.93
46.06
46.12
46.25
46.31
46.37
46.43
46.5
46.56
46.68
46.68
46.75
46.81
46.81
46.87
46.87
46.93
47
47.06
47.18
47.25
47.37
47.5
47.62
47.68
47.75
47.75
47.81
47.81
47.87
47.87
47.87
47.93
47.93
47.93
48
48
48
48
48
48.06
48.06
48.12
48.18
48.25
48.31
48.37
48.37
48.43
48.43
48.43
48.43
48.37
48.37
48.31
48.25
48.18
48.12
48.06
48
48
47.93
47.87
47.87
47.87
47.81
47.81
47.81
47.81
47.81
47.75
47.75
47.75
47.75
47.75
47.81
47.81
47.81
47.75
47.75
47.75
47.68
47.68
47.68
47.68
47.68
47.68
47.68
47.62
47.62
47.62
47.62
47.62
47.62
47.56
47.56
47.56
47.5
47.5
47.43
47.37
47.37
47.31
47.31
47.31
47.25
47.18
47.18
47.12
47.12
47.06
47.06
47
46.93
47
47
47
47
47.06
47
47
47
47
47
47
47
46.93
46.93
46.87
46.87
46.81
46.87
46.87
46.87
46.93
46.93
47
47.06
47.06
47
47
47
47
47
47
47
46.93
46.93
46.87
46.87
46.81
46.87
46.87
46.87
46.93
46.93
47
47.06
47.06
47
47
47
47
47
47
47.06
47.06
47.06
47.06
47.06
47.06
47.06
47.06
47
46.93
46.87
46.87
46.81
46.75
46.75
46.75
46.68
46.68
46.68
46.62
46.62
46.62
46.62
46.68
46.68
46.68
46.68
46.68
46.68
46.68
46.62
46.68
46.68
46.68
46.75
46.75
46.75
46.75
46.75
46.81
46.75
46.75
46.75
46.68
46.68
46.68
46.68
46.62
46.62
46.62
46.56
46.56
46.56
46.5
46.5
46.5
46.5
46.56
46.56
46.62
46.62
46.68
46.68
46.75
46.81
46.81
46.87
46.87
46.87
46.87
46.93
46.93
46.93
47
47.06
47.06
47.06
47.06
47
46.93
46.87
46.81
46.75
46.68
46.62
46.56
46.43
46.31
46.25
46.06
45.87
45.68
45.5
45.25
45.06
44.81
44.56
44.31
44.06
43.81
43.62
43.43
43.25
43
42.75
42.5
42.25
42
41.75
41.5
41.18
40.93
40.68
40.43
40.25
40
39.75
39.56
39.31
39.06
38.81
38.56
38.37
38.12
37.93
37.75
37.5
37.31
37.12
36.93
36.75
36.56
36.37
36.18
36
35.87
35.68
35.5
35.31
35.18
35
34.87
32.75
32.62
32.5
32.37
32.25
31.37
31.31
31.31
31.31
31.25
31.25
31.25
31.18
31.18
31.18
31.18
31.18
31.18
31.18
31.18
31.25
31.25
31.31
31.37
31.37
31.43
31.5
31.56
31.62
31.68
31.68
31.75
31.75
31.81
31.81
31.87
31.87
31.93
31.93
32
32
32.06
32.06
32.06
32.06
32.06
32.12
32.12
32.12
32.12
32.12
32.12
32.18
32.18
32.18
32.18
32.18
32.18
32.18
32.18
32.18
32.18
32.18
32.18
32.18
32.25
32.25
32.25
32.25
32.31
32.31
32.31
32.31
32.31
32.31
32.31
32.31
32.37
32.37
32.37
32.37
32.37
32.37
32.37
32.37
32.37
32.37
32.37
32.37
32.37
32.37
32.43
32.43
32.43
32.5
32.5
32.5
32.56
32.56
32.56
32.56
32.56
32.56
32.56
32.56
32.5
32.5
32.5
32.5
32.5
32.43
32.43
32.43
32.37
32.37
32.31
32.31
32.25
32.25
32.25
32.18
32.18
32.12
32.12
32.12
32.06
32.06
32
32
31.93
31.87
31.87
31.81
31.75
31.75
31.68
31.62
31.62
31.56
31.56
31.56
31.56
31.56
31.56
31.56
31.56
31.62
31.68
31.68
31.75
31.81
31.87
31.93
32
32.06
32.12
32.18
32.25
32.37
32.43
32.5
32.56
32.62
32.68
32.75
32.81
32.87
32.93
33
33.06
33.06
33.12
33.18
33.18
33.25
33.25
33.25
33.25
33.25
33.25
33.25
33.25
33.18
33.18
33.18
33.18
33.18
33.12
33.12
33.12
33.06
33
33
32.93
32.87
32.81
32.68
32.62
32.56
32.5
32.43
32.37
32.25
32.18
32.12
32
31.93
31.93
31.81
31.75
31.62
31.56
31.5
31.43
31.37
31.31
31.31
31.25
31.18
31.12
31.06
31.06
31
31

