24.959
24.009
23.25
22.569
22.064
21.624
21.246
20.926
20.66
20.447
20.282
20.161
20.083
20.042
20.155
20.288
20.435
20.593
20.756
20.922
21.087
21.346
21.593
21.822
22.031
22.218
22.381
22.616
22.812
22.973
23.099
23.194
23.254
23.287
23.296
23.277
23.234
23.169
23.081
22.975
22.854
22.724
22.588
22.449
22.31
22.273
22.233
22.196
22.281
22.361
22.435
22.505
22.671
22.823
22.962
23.187
23.39
23.671
23.926
24.154
24.355
24.527
24.669
24.781
24.866
24.922
24.958
24.87
24.769
24.654
24.531
24.4
24.268
24.033
23.809
23.602
23.409
23.231
23.066
22.917
22.784
22.664
22.559
22.472
22.301
22.153
22.025
21.916
21.83
21.763
21.713
21.681
21.671
21.677
21.7
21.837
21.973
22.11
22.244
22.375
22.506
22.732
22.945
23.145
23.327
23.492
23.643
23.779
23.903
24.014
24.113
24.094
24.062
24.019
23.968
23.906
23.835
23.753
23.664
23.57
23.468
23.362
23.248
23.13
23.111
22.981
22.85
22.718
22.586
22.457
22.331
22.312
22.189
22.174
22.16
22.153
22.148
22.144
22.142
22.144
22.15
22.159
22.172
22.192
22.221
22.252
22.286
22.324
22.364
22.407
22.553
22.693
22.825
22.948
23.062
23.165
23.259
23.34
23.411
23.472
23.523
23.563
23.592
23.611
23.617
23.612
23.598
23.574
23.543
23.624
23.684
23.725
23.748
23.756
23.747
23.727
23.704
23.677
23.75
23.816
23.874
23.93
23.985
24.035
23.981
23.935
23.901
23.76
23.752
23.632
23.522
23.426
23.342
23.272
23.216
23.172
23.14
23.118
23.105
23.1
23.101
23.112
23.132
23.156
23.19
23.232
23.276
23.321
23.482
23.629
23.755
23.862
23.95
24.029
24.091
24.141
24.178
24.206
24.227
24.124
24.028
23.94
23.858
23.786
23.622
23.477
23.352
23.245
23.158
23.09
23.034
22.893
22.771
22.667
22.584
22.521
22.473
22.438
22.417
22.3
22.198
22.11
22.034
21.971
21.918
21.876
21.843
21.816
21.795
21.775
21.755
21.73
21.695
21.655
21.603
21.541
21.571
21.584
21.586
21.58
21.566
21.544
21.517
21.486
21.448
21.406
21.367
21.333
21.305
21.282
21.264
21.252
21.247
21.254
21.367
21.476
21.582
21.785
21.977
22.156
22.323
22.595
22.843
23.167
23.462
23.727
24.065
24.368
24.636
24.873
25.182
25.457
25.695
25.899
26.065
26.194
26.289
26.257
26.209
26.146
34.461
42.026
48.756
54.78
60.228
64.913
68.974
72.441
75.35
77.628
79.419
80.642
81.46
81.806
81.719
81.123
80.235
79.082
77.622
75.906
73.985
71.938
69.758
67.521
65.248
62.993
60.664
58.468
56.393
54.346
52.37
50.455
48.654
46.925
45.392
43.97
42.765
41.746
40.832
40.122
39.476
38.988
38.509
38.12
37.717
37.46
37.232
36.946
36.611
36.323
35.944
35.578
35.101
34.736
34.368
33.993
33.601
33.184
32.71
32.29
31.826
31.325
30.912
30.584
30.346
30.198
30.1
30.062
30.09
30.295
30.53
30.807
31.192
31.599
31.986
32.423
32.818
33.303
33.764
34.271
34.831
35.354
35.949
36.474
37.059
37.599
38.197
38.75
39.327
39.83
40.272
40.622
40.855
40.991
41.008
40.934
40.891
40.748
40.541
40.366
40.077
39.709
39.254
38.707
38.114
37.352
36.544
35.695
34.812
33.895
32.955
31.943
31.02
30.08
29.231
28.516
27.926
27.392
27.011
26.764
26.681
26.736
26.845
27.108
27.498
28.148
28.941
29.937
31.132
32.478
33.872
35.389
37.004
38.605
40.243
41.867
43.38
44.794
46.189
47.453
48.658
49.813
50.788
51.563
52.231
52.719
53.024
53.143
53.078
52.838
52.33
51.672
50.884
49.883
48.693
47.449
46.052
44.553
43.082
41.555
40.002
38.43
36.884
35.38
33.948
32.585
31.327
30.182
29.257
28.445
27.772
27.342
27.069
26.934
27.05
27.276
27.642
28.156
28.664
29.255
29.898
30.562
31.219
31.885
32.536
33.259
33.907
34.563
35.151
35.758
36.3
36.86
37.433
37.877
38.292
38.569
38.809
38.91
38.88
38.824
38.646
38.316
37.859
37.411
36.818
36.114
35.329
34.374
33.407
32.452
31.584
30.929
30.362
29.839
29.417
29.093
28.863
28.604
28.557
28.589
28.691
28.854
29.167
29.509
29.867
30.323
30.76
31.169
31.642
32.059
32.457
32.821
33.179
33.513
33.811
34.057
34.291
34.498
34.669
34.844
35.126
35.376
35.59
35.862
36.082
36.253
36.48
36.756
36.979
37.16
37.424
37.696
37.981
38.386
38.841
39.343
39.885
40.465
41.034
41.697
42.349
42.987
43.506
44.015
44.557
45.017
45.454
45.865
46.13
46.365
46.564
46.721
46.828
46.738
46.602
46.317
45.885
45.412
44.783
44.125
43.338
42.433
41.419
40.288
39.069
37.873
36.598
35.353
34.039
32.651
31.215
29.746
28.364
26.974
25.735
24.531
23.393
22.385
21.515
20.79
37.002
51.892
65.594
78.031
89.203
99.155
100
100
100
100
100
100
100
100
100
100
100
100
100
100
100
100
100
100
100
100
100
100
100
100
100
100
100
100
100
100
100
100
100
100
100
100
99.917
99.583
99.093
98.413
97.535
96.495
95.243
93.91
92.521
91.036
89.486
87.949
86.465
85.124
83.825
82.814
81.768
80.918
80.157
79.475
78.964
78.551
78.347
78.348
78.451
78.713
79.13
79.587
80.089
80.55
81.024
81.355
81.636
81.79
81.979
82.088
82.191
82.21
82.26
82.486
82.711
82.866
83.071
83.273
83.466
83.63
83.701
83.736
83.798
83.896
83.792
83.632
83.296
82.829
82.255
81.545
80.703
79.781
78.791
77.876
76.872
75.876
74.921
73.991
73.083
72.152
71.206
70.251
69.152
68.117
67.245
66.419
65.611
64.914
64.305
63.908
63.539
63.28
63.2
63.227
63.435
63.748
64.135
64.66
65.328
66.095
66.962
67.884
68.802
69.749
70.835
71.973
73.061
74.16
75.178
76.279
77.281
78.31
79.353
80.36
81.263
82.002
82.675
83.219
83.631
83.876
83.957
83.996
83.79
83.42
82.905
82.169
81.347
80.463
79.535
78.586
77.634
76.571
75.539
74.45
73.43
72.485
71.633
70.785
70.061
69.364
68.8
68.364
68.018
67.854
67.924
68.087
68.393
68.899
69.425
70.037
70.554
71.064
71.508
71.877
72.211
72.549
72.874
73.178
73.458
73.805
74.204
74.697
75.244
75.92
76.592
77.363
78.043
78.628
79.077
79.399
79.607
79.711
79.718
79.553
79.25
78.83
78.223
77.349
76.379
75.387
74.3
73.246
72.285
71.408
70.7
69.925
69.193
68.589
67.937
67.333
66.678
66.122
65.491
64.905
64.257
63.652
63.074
62.513
61.962
61.423
60.892
60.464
60.113
59.827
59.783
59.829
60.041
60.282
60.576
60.996
61.379
61.913
62.464
63.014
63.634
64.179
64.755
65.208
65.547
65.889
66.146
66.436
66.669
67.06
67.586
68.14
68.795
69.531
70.327
71.229
72.03
72.847
73.538
74.239
74.838
75.443
76.09
76.871
77.581
78.223
78.799
79.408
79.896
80.163
80.361
80.408
80.4
80.336
80.113
79.844
79.536
79.237
78.805
78.346
77.857
77.225
76.568
75.783
74.977
74.043
73.092
72.12
71.133
70.039
68.969
67.94
66.94
66.1
65.424
64.722
64.106
63.486
37.75
14.207
0
0
0
0
0
0
0
0
0
0
0
0
0
0
0
0
0
0
0
0
0
0
0
0
0
0
0
0
0
0
0
0
0
0
0
0
0
0
0
0
0
0
0
0
0
0
0
0
0
0
0
0
0
0
0
0
0
0
0
0
0.069687
0.2979
0.59361
0.96888
1.5461
2.3476
3.3558
4.4211
5.6963
7.1208
8.7685
10.357
11.943
13.581
15.317
16.903
18.286
19.633
21.064
22.298
23.316
24.26
25.139
25.775
26.187
26.327
26.492
26.576
26.633
26.708
26.841
27
27.219
27.394
27.449
27.366
27.285
27.204
27.271
27.432
27.69
28.072
28.502
28.982
29.413
29.971
30.532
31.191
31.828
32.409
32.668
32.792
32.81
32.776
32.594
32.286
31.842
31.294
30.714
30.015
29.206
28.281
27.304
26.349
25.187
23.921
22.655
21.386
20.025
18.669
17.381
16.133
14.895
13.798
12.867
11.848
10.787
9.8131
8.9084
8.0818
7.3049
6.724
6.3942
6.2611
6.2015
6.2437
6.4457
6.7872
7.3496
8.1236
8.9616
9.9365
11.013
12.153
13.353
14.568
15.772
16.944
18.084
19.157
20.145
21.155
22.045
22.81
23.449
23.869
24.204
24.445
24.468
24.224
23.772
23.232
22.423
21.565
20.752
19.922
19.159
18.35
17.585
16.874
16.226
15.629
15.01
14.43
13.975
13.648
13.42
13.189
12.89
12.642
12.505
12.55
12.762
13.12
13.722
14.437
15.25
16.245
17.306
18.642
20.1
21.605
23.33
25.208
27.047
28.843
30.478
31.943
33.18
34.116
34.832
35.575
36.299
36.848
37.213
37.493
37.687
37.796
37.714
37.584
37.415
37.114
36.807
36.415
36.051
35.606
35.074
34.493
33.85
33.075
31.996
30.845
29.686
28.61
27.482
26.35
25.265
24.156
22.935
21.786
20.79
19.919
19.177
18.551
18.025
17.679
17.364
17.183
17.004
16.782
16.408
16.029
15.585
14.984
14.383
13.832
13.443
13.175
12.968
12.741
12.499
12.243
11.94
11.499
11.105
10.915
10.766
10.691
10.597
10.604
10.691
10.985
11.236
11.515
11.815
12.102
12.48
12.938
13.47
14.097
14.7
15.381
16.14
16.974
17.905
18.91
19.986
21.247
22.458
23.709
24.967
26.202
27.286
28.106
28.81
29.491
30.235
30.88
31.449
