0
0
0
0
0
0
0
0
0
0
0
0
0
0
0
0
0
0
0
0
0
0
0.28524
0
0
0
0
0
0
0.0055542
0.12775
0.3645
0.63774
1.0089
1.4542
1.91
2.4415
3.0297
3.6155
4.2469
4.925
5.5754
6.2599
6.9808
7.6644
8.3794
9.1161
9.8125
10.536
11.223
11.938
12.672
13.366
14.031
14.722
15.378
16.016
16.625
17.208
17.769
18.323
18.863
19.388
19.845
20.302
20.702
21.117
21.486
21.869
22.213
22.522
22.804
23.118
23.406
23.678
23.876
24.07
24.26
24.45
24.64
24.775
24.921
25.076
25.178
25.239
25.325
25.379
25.462
25.516
25.536
25.591
25.623
25.691
25.732
25.807
25.854
25.868
25.919
25.942
25.997
26.025
26.025
26.053
26.044
26.013
25.957
25.879
25.771
25.648
25.512
25.423
25.315
25.184
25.04
24.882
24.717
24.538
24.412
24.279
24.138
24.043
23.935
23.876
23.795
23.758
23.706
23.69
23.652
23.649
23.622
23.63
23.606
23.617
23.598
23.609
23.589
23.598
23.63
23.627
23.645
23.683
23.735
23.733
23.746
23.714
23.697
23.688
23.688
23.695
23.651
23.613
23.58
23.498
23.423
23.356
23.298
23.244
23.198
23.159
23.124
23.094
23
22.918
22.85
22.793
22.75
22.717
22.639
22.582
22.541
22.52
22.515
22.523
22.543
22.517
22.507
22.512
22.529
22.555
22.643
22.731
22.813
22.893
22.971
23.04
23.102
23.157
23.207
23.253
23.295
23.277
23.261
23.247
23.237
23.231
23.229
23.175
23.13
23.093
23.066
23.046
23.034
23.032
22.972
22.921
22.881
22.85
22.827
22.812
22.747
22.694
22.65
22.615
22.588
22.564
22.545
22.532
22.521
22.456
22.402
22.294
22.198
22.048
21.917
21.802
21.646
21.511
21.449
21.4
21.362
21.333
21.316
21.306
21.366
21.422
21.473
21.518
21.556
21.586
21.607
21.616
21.613
21.594
21.562
21.519
21.52
21.505
21.473
21.423
21.359
21.285
21.205
21.118
21.028
20.936
20.842
20.75
20.659
20.571
20.483
20.452
20.421
20.386
20.351
20.316
20.279
20.297
20.311
20.323
20.403
20.474
20.543
20.605
20.662
20.715
20.765
20.817
20.872
20.929
20.988
21.05
21.049
21.125
21.138
21.165
21.204
21.257
21.322
21.398
21.486
21.583
21.694
21.882
22.069
22.256
22.44
22.621
22.799
22.973
23.142
23.362
23.569
23.763
23.947
24.121
24.283
24.49
24.681
24.856
25.017
25.165
25.302
25.429
25.545
25.649
25.682
25.711
25.737
25.707
25.681
25.657
25.57
30.257
34.44
38.207
41.559
44.47
47.025
49.2
51.082
52.697
54.009
55.11
56.024
56.737
57.32
57.731
58.036
58.221
58.284
58.267
58.143
57.961
57.702
57.384
57.089
56.753
56.388
56.062
55.705
55.339
54.949
54.554
54.152
53.742
53.33
52.917
52.461
52.035
51.638
51.27
50.923
50.557
50.224
49.897
49.583
49.26
48.92
48.611
48.261
47.881
47.463
47.016
46.581
46.099
45.567
44.996
44.378
43.729
43.102
42.429
41.765
41.046
40.349
39.674
39.011
38.34
37.684
37.094
36.501
35.918
35.331
34.743
34.159
33.632
33.123
32.612
32.163
31.791
31.417
31.112
30.865
30.648
30.448
30.195
29.952
29.711
29.473
29.232
28.916
28.611
28.317
28.026
27.76
27.515
27.306
27.186
27.074
26.963
26.865
26.781
26.703
26.625
26.606
26.573
26.569
26.533
26.519
26.524
26.478
26.453
26.44
26.45
26.491
26.629
26.795
26.906
27.05
27.219
27.422
27.602
27.831
28.105
28.413
28.748
29.11
29.493
29.846
30.228
30.573
30.953
31.302
31.705
32.157
32.589
33.055
33.501
33.981
34.426
34.914
35.422
35.899
36.398
36.853
37.333
37.773
38.236
38.649
39.052
39.391
39.654
39.852
39.993
40.098
40.173
40.206
40.206
40.195
40.126
40.071
40.029
40.025
40.053
40.038
40.054
40.111
40.185
40.222
40.272
40.32
40.314
40.309
40.254
40.204
40.097
39.945
39.805
39.636
39.49
39.328
39.138
38.996
38.828
38.686
38.566
38.428
38.269
38.081
37.922
37.788
37.641
37.477
37.297
37.146
36.973
36.782
36.618
36.486
36.33
36.195
36.036
35.899
35.778
35.608
35.448
35.294
35.091
34.872
34.641
34.378
34.088
33.769
33.353
32.908
32.441
31.939
31.356
30.763
30.167
29.597
29.054
28.559
28.119
27.66
27.251
26.89
26.622
26.389
26.176
26.045
25.989
25.918
25.899
25.847
25.786
25.774
25.733
25.756
25.834
25.909
25.999
26.163
26.432
26.71
27.073
27.535
28.074
28.704
29.327
29.985
30.681
31.405
32.168
32.887
33.634
34.401
35.117
35.846
36.59
37.272
37.943
38.6
39.183
39.7
40.14
40.575
40.948
41.266
41.537
41.768
41.968
42.066
42.134
42.182
42.213
42.233
42.249
42.263
42.225
42.142
42.079
41.956
41.849
41.69
41.529
41.315
41.057
40.815
40.528
40.263
39.966
39.686
39.42
39.133
38.862
38.638
38.399
38.135
37.911
37.683
37.448
37.255
46.6
55.07
62.768
69.666
75.87
81.341
86.188
90.413
94.063
97.28
100
100
100
100
100
100
100
100
100
100
100
100
100
100
100
100
100
100
100
100
100
100
100
100
100
100
100
100
100
100
100
100
100
100
100
100
100
100
100
100
100
100
100
100
100
99.801
99.444
98.981
98.366
97.591
96.653
95.619
94.561
93.415
92.252
91.111
89.998
88.827
87.719
86.677
85.686
84.75
83.838
83.072
82.378
81.787
81.328
80.975
80.758
80.62
80.489
80.345
80.178
79.964
79.686
79.341
78.981
78.529
78.027
77.522
76.945
76.361
75.751
75.154
74.56
73.951
73.315
72.683
72.053
71.399
70.714
69.986
69.213
68.402
67.487
66.477
65.392
64.196
62.952
61.678
60.388
59.22
58.109
57.109
56.167
55.385
54.766
54.266
53.912
53.729
53.686
53.803
53.974
54.235
54.507
54.9
55.31
55.731
56.139
56.581
57.05
57.581
58.11
58.689
59.319
59.926
60.552
61.191
61.836
62.49
63.081
63.653
64.2
64.718
65.26
65.76
66.209
66.667
67.066
67.474
67.819
68.226
68.625
68.988
69.263
69.525
69.824
70.099
70.35
70.631
70.877
71.089
71.258
71.39
71.502
71.548
71.523
71.459
71.309
71.094
70.819
70.504
70.178
69.845
69.512
69.25
69.048
69.015
69.02
69.158
69.4
69.722
70.034
70.448
70.944
71.447
71.991
72.51
73.046
73.581
74.108
74.68
75.231
75.817
76.417
77.023
77.627
78.222
78.798
79.336
79.829
80.276
80.671
81.013
81.305
81.49
81.58
81.47
81.181
80.806
80.252
79.546
78.778
77.907
76.899
75.838
74.759
73.672
72.604
71.663
70.782
69.963
69.184
68.499
67.8
67.195
66.553
65.879
65.149
64.438
63.673
62.743
61.795
60.785
59.725
58.694
57.747
56.822
55.914
55.078
54.373
53.774
53.268
52.928
52.732
52.713
52.82
53.078
53.401
53.808
54.345
54.905
55.538
56.216
56.918
57.647
58.375
59.099
59.765
60.392
60.96
61.424
61.794
62.032
62.157
62.194
62.222
62.264
62.269
62.325
62.44
62.562
62.755
62.977
63.3
63.644
64.01
64.329
64.735
65.095
65.467
65.85
66.128
66.364
66.507
66.564
66.613
66.589
66.501
66.36
66.192
66.054
65.89
65.774
65.698
65.656
65.639
65.694
65.802
65.946
