33.43
33.56
33.5
33.37
33.37
33.37
33.37
33.37
33.37
33.37
33.37
33.37
33.31
33.31
33.25
33.25
33.18
33.18
33.12
33.06
33
32.93
32.75
32.68
32.56
32.5
32.37
32.31
32.18
32.12
32
31.87
31.81
31.68
31.56
31.5
31.37
31.25
31.18
31.06
30.93
30.87
30.75
30.62
30.56
30.43
30.31
30.25
30.12
30.06
29.93
29.81
29.75
29.68
29.56
29.5
29.43
29.37
29.31
29.25
29.18
29.12
29.06
29.06
29
29
28.93
28.93
28.87
28.87
28.87
28.87
28.81
28.81
28.81
28.87
28.87
28.87
28.87
28.87
28.93
28.93
28.93
29
29.06
29.06
29.12
29.12
29.18
29.25
29.25
29.31
29.31
29.37
29.37
29.43
29.5
29.5
29.56
29.56
29.62
29.68
29.68
29.75
29.81
29.87
29.93
30
30.06
30.12
30.12
30.18
30.25
30.31
30.37
30.43
30.5
30.5
30.56
30.62
30.62
30.68
30.68
30.75
30.75
30.81
30.81
30.87
30.87
30.93
30.93
31
31
31.06
31.06
31.12
31.12
31.12
31.18
31.18
31.18
31.18
31.25
31.25
31.31
31.31
31.31
31.31
31.31
31.37
31.37
31.37
31.43
31.43
31.43
31.43
31.43
31.43
31.43
31.43
31.43
31.5
31.5
31.5
31.5
31.5
31.5
31.56
31.56
31.56
31.56
31.56
31.56
31.56
31.62
31.62
31.62
31.62
31.62
31.56
31.56
31.56
31.56
31.56
31.56
31.56
31.56
31.56
31.56
31.56
31.62
31.62
31.62
31.62
31.62
31.62
31.68
31.68
31.68
31.68
31.68
31.68
31.68
31.75
31.75
31.75
31.75
31.75
31.75
31.81
31.81
31.81
31.81
31.81
31.81
31.81
31.81
31.81
31.87
31.87
31.93
31.93
32
32
32
32.06
32.06
32
32
32
32
32
32
31.93
31.93
31.93
31.93
31.93
31.93
31.93
31.93
31.93
31.93
31.93
31.93
31.87
31.87
31.87
31.87
31.87
31.87
31.87
31.87
31.87
31.87
31.87
31.87
31.87
31.87
31.87
31.81
31.81
31.81
31.81
31.81
31.81
31.75
31.75
31.75
31.68
31.68
31.68
31.68
31.68
31.68
31.68
31.68
31.68
31.68
31.68
31.68
31.75
31.68
31.75
31.75
31.75
31.75
31.75
31.75
31.75
31.75
31.75
31.68
31.68
31.68
31.68
31.68
31.68
31.68
31.68
31.62
31.62
31.62
31.62
31.62
31.62
31.56
31.56
31.56
31.56
31.56
31.56
31.56
31.56
31.56
31.62
31.62
31.62
31.68
31.68
31.68
31.75
31.75
31.81
31.81
31.81
31.87
31.87
31.93
31.93
31.93
32
32
32
32.06
32.06
32.12
32.12
32.18
32.25
32.31
32.43
32.5
32.62
32.75
32.81
32.93
33.06
33.12
33.25
33.37
33.5
33.62
33.75
33.87
34
34.12
34.31
34.43
34.56
34.68
34.81
35
35.12
35.25
35.37
35.5
35.62
35.68
35.81
35.93
36.06
36.18
36.25
36.37
36.5
36.62
36.75
36.87
36.93
37.06
37.12
37.25
37.31
37.37
37.43
37.5
37.56
37.56
37.62
37.68
37.75
37.81
37.87
37.87
37.93
38
38
38
38.06
38.06
38.06
38.06
38.06
38.12
38.12
38.12
38.12
38.12
38.18
38.18
38.18
38.18
38.18
38.18
38.18
38.12
38.12
38.12
38.12
38.12
38.12
38.12
38.06
38.06
38
38
37.93
37.87
37.87
37.81
37.75
37.68
37.62
37.5
37.43
37.43
37.37
37.31
37.25
37.25
37.18
37.12
37.06
37
36.93
36.87
36.87
36.81
36.81
36.75
36.75
36.68
36.62
36.62
36.56
36.56
36.5
36.5
36.43
36.37
36.37
36.31
36.31
36.25
36.25
36.18
36.18
36.12
36.12
36.12
36.12
36.12
36.12
36.12
36.12
36.12
36.12
36.18
36.18
36.18
36.18
36.18
36.25
36.25
36.25
36.25
36.31
36.31
36.31
36.37
36.37
36.43
36.43
36.5
36.56
36.56
36.62
36.62
36.68
36.75
36.75
36.81
36.81
36.81
36.87
36.93
37
37
37
37.06
37.12
37.18
37.18
37.25
37.31
37.31
37.31
37.37
37.37
37.43
37.43
37.43
37.5
37.5
37.5
37.56
37.56
37.56
37.56
37.56
37.56
37.62
37.62
37.62
37.62
37.68
37.68
37.68
37.68
37.68
37.68
37.68
37.75
37.75
37.75
37.68
37.68
37.68
37.62
37.56
37.56
37.5
37.5
37.5
37.43
37.43
37.37
37.31
37.31
37.31
37.25
37.18
37.18
37.12
37.06
37
36.93
36.93
36.87
36.81
36.75
36.68
36.68
36.62
36.56
36.56
36.5
36.43
36.43
36.37
36.31
36.31
36.31
36.31
36.25
36.25
36.25
36.25
36.25
36.25
36.31
36.31
36.31
36.31
36.31
36.31
36.31
36.37
36.43
36.43
36.5
36.5
36.56
36.56
36.62
36.68
36.68
36.75
36.75
36.81
36.81
36.81
36.87
36.87
36.87
36.93
37
37
37.06
37.12
37.12
37.18
37.25
37.25
37.31
37.31
37.37
37.37
37.43
37.5
37.5
37.56
37.62
37.68
37.75
37.75
37.87
37.93
38
38.12
38.25
38.37
38.5
38.62
38.75
38.87
39
39.12
39.31
39.43
39.62
39.75
39.93
40.12
40.25
40.43
40.62
40.81
41
41.18
41.37
41.5
41.68
41.81
42
42.12
42.25
42.43
42.56
42.68
42.81
42.93
43.06
43.18
43.37
43.5
43.68
43.87
44
44.18
44.37
44.56
44.75
44.87
45.06
45.18
45.31
45.43
45.62
45.75
45.87
46
46.12
46.25
46.31
46.43
46.5
46.56
46.62
46.68
46.75
46.81
46.87
46.93
47
47.06
47.12
47.12
47.18
47.25
47.25
47.31
47.37
47.43
47.5
47.56
47.62
47.68
47.75
47.81
47.87
47.93
48
48.06
48.06
48.12
48.12
48.12
48.18
48.18
48.18
48.18
48.12
48.12
48.06
48.06
48
47.93
47.93
47.93
47.87
47.87
47.81
47.81
47.75
47.75
47.68
47.68
47.68
47.68
47.62
47.62
47.56
47.56
47.5
47.43
47.43
47.37
47.31
47.25
47.18
47.18
47.12
47.12
47.12
47.06
47.06
47.06
47
47
46.93
46.93
46.87
46.87
46.81
46.81
46.81
46.75
46.75
46.75
46.75
46.81
46.81
46.81
46.81
46.75
46.75
46.75
46.68
46.68
46.68
46.68
46.68
46.68
46.68
46.68
46.68
46.68
46.62
46.68
46.68
46.68
46.68
46.75
46.75
46.75
46.81
46.81
46.87
46.93
47
47.06
47.06
47.12
47.12
47.12
47.12
47.12
47.12
47.12
47.12
47.12
47.12
47.12
47.12
47.12
47.12
47.12
47.18
47.25
47.25
47.31
47.37
47.37
47.37
47.43
47.43
47.43
47.5
47.56
47.56
47.62
47.68
47.75
47.75
47.81
47.81
47.87
47.93
48
47.93
47.93
48
48
48
48
48
47.93
47.93
48
48
48
48
48.06
48.06
48.06
48.06
48.06
48
48
48
47.93
47.93
47.87
47.81
47.75
47.68
47.62
47.56
47.5
47.43
47.37
47.37
47.31
47.31
47.31
47.31
47.25
47.18
47.18
47.12
47.06
47.06
47
47
46.93
46.93
46.93
46.93
46.93
47
46.93
46.93
46.93
46.93
46.93
46.93
46.87
46.87
46.93
46.87
46.81
46.75
46.68
46.62
46.56
46.5
46.43
46.31
46.18
46.06
45.93
45.81
45.62
45.5
45.25
45.06
44.81
44.56
44.31
44.06
43.81
43.56
43.25
43
42.75
42.5
42.18
41.93
41.75
41.5
41.25
41.06
40.87
40.62
40.43
40.18
40
39.75
39.56
39.31
39.12
38.87
38.62
38.43
38.18
38
37.75
37.56
37.31
37.12
36.87
36.68
36.5
36.31
36.12
35.93
35.75
35.56
35.37
35.18
35
34.81
34.68
34.5
34.37
34.18
34.06
33.93
33.75
33.62
33.5
33.37
33.25
33.12
33
32.87
32.75
32.62
32.56
32.5
32.37
32.31
32.18
32.18
32.12
32.06
32
31.93
31.87
31.81
31.75
31.62
31.62
31.56
31.5
31.43
31.43
31.37
31.37
31.31
31.31
31.25
31.25
31.18
31.12
31.12
31.12
31.12
31.06
31.06
31.06
31
31
31
31
31
31.06
31.06
31.12
31.12
31.18
31.18
31.25
31.25
31.31
31.37
31.37
31.43
31.43
31.5
31.56
31.62
31.68
31.68
31.75
31.81
31.87
31.93
31.93
32
32.06
32.06
32.12
32.12
32.18
32.18
32.25
32.25
32.31
32.37
32.37
32.37
32.43
32.43
32.43
32.5
32.5
32.5
32.5
32.5
32.56
32.56
32.56
32.56
32.56
32.56
32.56
32.56
32.56
32.56
32.56
32.62
32.62
32.62
32.68
32.68
32.62
32.62
32.56
32.56
32.5
32.5
32.43
32.43
32.43
32.43
32.43
32.43
32.37
32.37
32.31
32.25
32.25
32.18
32.12
32.12
32.06
32
32
31.93
31.93
31.87
31.87
31.87
31.87
31.81
31.81
31.81
31.81
31.81
31.81
31.81
31.81
31.81
31.81
31.87
31.93
31.93
32
32
32
32.06
32.06
32.12
32.18
32.18
32.25
32.31
32.31
32.37
32.43
32.5
32.5
32.56
32.62
32.68
32.68
32.75
32.81
32.81
32.87
32.87
32.93
32.93
32.93
33
33
33
33
33
33.06
33.06
33.06
33.06
33
33
33
32.93
32.93
32.87
32.87
32.81
32.81
32.75
32.75
32.68
32.62
32.56
32.5
32.43
32.37
32.25
32.18
32.12
32.06
32
31.87
31.81
31.75
31.68
31.62
31.56
31.5
31.37
31.37
31.31
31.25
31.18
