0.8744
0.45078
0.46164
0.4725
0
1.3089
0.0094847
0.44443
0.44443
0.44443
0.44443
0.44443
0.44443
0.44443
1.3188
0.8952
1.6549
2.0514
1.7091
2.486
3.0249
3.3879
3.8217
4.2645
4.8401
5.2405
5.7115
7.0569
7.126
7.634
8.1509
9.5394
9.6558
10.21
10.895
11.407
11.989
12.58
14.039
14.231
14.859
15.618
16.204
16.86
17.525
18.321
18.944
18.903
19.96
20.662
21.494
22.154
22.884
22.89
23.993
24.008
24.387
25.62
25.585
25.975
26.365
26.754
27.144
27.533
27.923
28.313
28.702
28.237
28.309
29.043
28.68
28.673
28.534
28.567
28.531
28.485
28.308
28.303
27.493
28.501
27.92
27.877
27.764
27.642
27.388
28.045
27.536
27.385
27.962
27.435
27.142
27.762
27.213
27.024
27.564
26.997
26.665
26.507
27.02
26.422
26.184
25.813
26.359
25.731
25.463
25.185
24.774
25.283
24.615
25.053
24.375
24.058
24.479
23.656
24.128
23.419
23.071
23.464
22.734
23.118
22.253
22.688
21.937
22.301
22.292
22.282
22.273
21.512
21.867
21.848
21.829
21.811
21.792
21.773
21.755
20.983
21.329
21.301
21.273
20.366
20.764
20.725
20.686
20.647
20.608
19.815
20.141
20.093
20.044
19.996
19.948
19.899
20.604
20.191
20.152
20.113
20.952
20.488
20.46
20.432
20.403
20.375
20.347
21.071
20.679
20.66
21.393
21.01
21.001
20.991
21.732
21.36
21.36
21.36
21.36
21.36
21.36
22.234
21.81
22.57
22.218
22.238
22.258
22.279
22.299
22.319
22.339
22.359
22.379
23.148
22.805
22.835
22.864
22.894
23.67
22.589
23.738
23.405
23.444
23.482
23.521
23.56
23.598
23.637
23.676
23.714
23.753
23.792
23.831
23.869
23.908
23.198
23.6
23.629
23.659
22.939
23.331
23.352
22.622
22.131
21.815
22.179
21.418
21.773
21.002
21.347
21.319
21.291
21.263
21.235
21.207
21.179
21.151
21.123
21.095
21.067
21.039
21.011
20.104
20.502
20.463
20.424
20.385
20.346
21.185
20.72
20.692
20.664
20.636
21.36
20.215
20.561
21.284
20.892
20.874
20.855
21.587
21.205
21.195
21.186
21.927
21.554
21.554
21.554
22.429
22.005
22.016
22.027
22.038
22.797
22.445
22.465
22.486
22.506
22.526
22.546
23.314
22.972
23.001
23.031
23.06
23.09
23.119
22.4
22.792
22.812
22.832
22.103
22.486
22.497
22.508
22.519
22.53
22.541
22.552
22.562
22.573
85.041
55.569
55.992
56.787
56.834
57.993
58.78
59.567
59.479
60.69
60.717
61.107
61.489
61.736
62.161
62.514
61.976
62.74
62.297
62.845
62.433
62.19
62.883
61.458
61.727
61.402
61.248
60.879
60.684
59.486
59.63
59.164
57.944
58.017
57.472
56.295
56.095
55.67
54.199
53.988
53.482
52.745
52.191
50.562
50.367
49.517
47.855
47.579
46.637
45.883
44.888
44.083
43.035
42.178
41.075
41.051
39.614
38.444
38.362
36.705
36.588
35.037
34.66
33.141
32.878
32.001
31.336
31.494
31.2
29.995
30.142
29.837
29.531
28.313
28.449
28.132
26.748
26.947
25.7
25.812
24.552
24.653
25.214
24.416
24.987
25.268
25.334
25.486
25.65
25.975
26.088
26.286
26.495
26.866
27.024
27.267
27.521
27.935
27.245
27.965
28.253
28.551
29.008
29.256
29.587
29.929
29.399
30.335
30.626
31
30.508
31.327
31.867
32.201
32.617
32.174
33.031
33.612
33.122
33.999
33.593
33.616
33.639
33.662
34.548
34.154
35.048
34.665
35.711
35.27
35.327
35.384
35.441
35.498
35.555
35.612
34.664
36.208
34.762
36.306
35.865
36.779
36.421
36.488
36.555
36.623
35.832
36.315
36.372
36.429
35.482
36.025
36.07
35.252
35.715
35.748
35.782
35.816
34.986
35.439
35.462
35.485
35.509
34.666
35.972
35.566
35.589
35.612
35.636
35.659
35.682
35.705
35.729
34.886
34.317
34.82
34.82
33.95
34.372
34.361
33.478
33.89
33.868
33.847
33.825
33.803
34.652
33.336
33.747
32.852
33.254
32.2
31.786
32.165
32.109
32.053
31.996
31.94
31.005
31.374
31.307
31.239
32.049
31.557
31.501
31.445
32.264
31.784
31.738
31.693
32.667
32.128
32.095
32.935
32.48
33.328
32.885
33.742
33.311
34.322
33.832
33.845
34.721
34.315
35.201
34.806
35.701
35.318
35.362
36.408
35.968
36.024
36.081
35.134
35.678
35.722
34.904
35.367
35.401
34.571
35.023
34.18
34.623
33.623
34.126
33.256
33.678
32.795
33.207
32.312
32.713
32.681
32.648
32.615
32.583
32.55
32.518
31.464
32.944
32.405
31.351
31.813
31.768
31.723
31.677
31.632
31.587
31.541
31.496
31.451
32.425
31.886
31.853
32.692
32.238
32.216
32.194
32.173
32.151
32.999
32.556
33.414
32.982
32.982
33.993
34.368
33.962
33.985
34.009
34.895
34.5
34.534
34.568
35.462
35.079
35.124
35.168
35.213
35.257
35.302
100
30.543
32.37
33.338
35.586
37.406
40.082
41.481
43.308
45.135
46.961
48.788
50.615
52.441
54.268
55.236
57.484
58.443
60.686
61.636
62.865
64.3
66.523
67.445
68.792
69.986
71.388
71.831
73.427
73.911
75.629
76.75
77.191
78.876
79.959
80.357
82.007
82.148
82.942
84.396
84.706
85.219
85.938
86.407
87.083
87.506
88.137
88.515
89.101
88.499
89.492
89.765
89.151
90.066
89.31
90.168
89.348
89.99
90.294
90.336
90.591
90.584
90.79
90.734
89.93
90.29
90.385
90.217
90.263
90.044
90.04
89.77
89.715
90.366
89.79
89.43
90.261
89.54
89.117
88.91
88.435
89.157
87.171
88.333
87.276
86.927
87.458
86.333
86.909
86.899
86.711
85.763
86.195
85.955
84.952
85.334
85.042
84.984
83.828
83.981
83.87
83.664
83.445
83.046
82.883
81.611
81.661
81.444
82.146
80.31
81.493
80.478
80.208
79.84
78.264
78.449
78.026
77.589
76.968
76.588
76.109
75.616
76.145
74.952
75.552
74.515
75.017
73.965
74.456
74.43
74.404
74.378
73.312
73.79
72.535
72.042
72.494
71.381
70.774
69.977
70.477
68.262
68.121
68.496
68.348
68.199
66.818
67.266
67.102
66.938
65.716
66.064
65.886
65.709
65.531
66.411
66.953
66.194
66.045
65.897
66.801
66.143
67.059
67.465
66.835
67.949
67.248
67.155
67.062
66.969
66.875
66.782
66.689
66.596
67.548
66.949
66.869
67.833
67.247
67.18
68.156
66.538
68.032
67.46
66.362
66.814
66.747
67.722
67.15
67.096
67.042
68.203
67.561
66.305
66.856
66.802
67.962
67.32
66.065
66.615
66.561
67.722
67.08
68.08
68.576
68.048
68.035
68.022
68.009
67.996
67.983
69.006
68.492
68.492
68.492
69.698
69.114
69.129
69.144
69.159
69.174
69.189
67.995
68.596
68.596
68.596
67.558
68.061
68.048
66.996
67.486
66.42
66.898
65.643
66.193
65.095
65.547
65.48
66.455
67.099
66.457
66.418
66.379
66.34
65.085
65.635
65.581
65.528
65.474
65.42
66.58
65.938
66.938
66.396
66.37
65.304
66.82
66.278
66.252
66.227
65.16
65.638
65.6
65.561
65.522
65.483
65.444
65.406
65.367
64.112
64.662
64.608
64.554
63.456
63.908
63.841
63.774
63.707
63.64
63.573
64.548
63.976
62.878
63.33
62.217
62.656
62.576
62.496
63.46
62.875
62.808
62.741
62.674
63.649
63.077
63.023
62.969
62.915
62.861
64.022
0
100
97.274
93.523
91.329
88.81
85.013
81.816
79.657
75.964
71.745
69.062
65.865
62.668
59.472
56.275
53.078
49.881
46.684
42.272
39.656
36.438
32.178
29.459
26.223
22.988
18.709
15.972
12.719
9.4663
6.2133
2.9604
0
0
0
0
0
0
0
0
0
0
0
0
0
0
0
0
0
0
0.035796
0
0
0
0
0
0
0
0
0.39225
0.35541
0.36832
0.4307
0.54229
0
0.66885
0.91456
1.2082
2.4867
1.487
2.384
1.9376
1.8343
1.9953
3.0306
3.6549
3.4178
4.5635
4.4107
4.5875
5.0168
5.4053
6.6966
5.7152
6.6965
7.2083
7.7501
8.1808
8.8494
9.4771
10.133
9.8565
11.033
10.812
12.027
11.995
12.249
13.52
13.428
13.947
14.289
14.845
14.44
15.413
15.041
15.131
15.231
16.245
15.926
16.065
17.113
17.605
17.539
17.674
18.645
18.619
18.793
19.039
18.533
19.165
19.556
19.009
19.661
19.186
19.847
19.383
19.295
19.964
19.509
20.313
19.807
19.74
20.428
19.995
19.937
19.879
19.821
20.518
20.095
20.046
19.998
19.949
19.901
19.853
19.804
19.756
19.707
19.659
19.611
19.562
19.514
19.465
19.417
19.369
19.32
19.272
19.223
19.175
19.127
19.832
19.418
19.379
19.34
19.301
19.262
19.223
19.184
19.145
19.106
19.067
19.028
18.989
18.95
18.911
18.872
18.833
18.794
18.755
18.716
18.677
18.638
18.599
17.806
18.133
18.838
18.424
18.385
18.346
18.307
19.146
18.682
18.654
19.378
18.985
18.967
19.699
19.317
19.307
20.048
19.675
19.675
19.675
19.675
19.675
19.675
19.675
19.675
19.675
19.675
19.675
19.675
19.675
19.675
19.675
19.675
19.675
18.924
19.288
19.279
19.27
19.26
19.251
19.242
19.232
19.223
19.964
19.591
19.591
19.591
19.591
19.591
19.591
19.591
19.591
19.591
20.465
20.042
20.053
20.812
20.46
20.481
20.501
20.521
20.541
20.561
20.581
20.602
20.622
19.892
20.276
20.287
20.297
19.433
19.868
19.868
19.868
19.868
19.868
19.868
19.868
19.868
19.868
19.868
20.742
20.319
20.33
20.34
19.476
19.911
19.911
19.911
19.911
19.16
19.524
19.514
19.505
19.496
20.237
19.864
19.864
19.864
20.738
20.315
20.326
20.336
21.096
20.744
20.764
20.784
20.805
20.825
20.845
20.865
20.885
20.905
21.674
21.331
21.361
21.39
21.42
21.449
