30.93
30.93
30.87
30.81
30.75
30.68
30.62
30.62
30.56
30.5
30.5
30.43
30.43
30.37
30.37
30.31
30.25
30.25
30.18
30.18
30.12
30.12
30.12
30.12
30.12
30.12
30.12
30.12
30.12
30.12
30.18
30.18
30.18
30.25
30.31
30.37
30.43
30.5
30.56
30.62
30.68
30.75
30.81
30.93
31
31.12
31.18
31.31
31.43
31.5
31.62
31.68
31.81
31.87
32
32.06
32.12
32.18
32.25
32.37
32.37
32.5
32.5
32.56
32.62
32.68
32.75
32.81
32.81
32.87
32.93
32.93
33
33.06
33.06
33.12
33.18
33.18
33.25
33.31
33.31
33.31
33.37
33.37
33.37
33.37
33.31
33.31
33.31
33.25
33.18
33.12
33.06
33.06
33
32.93
32.81
32.75
32.68
32.62
32.5
32.43
32.37
32.25
32.18
32.06
32
31.87
31.81
31.75
31.62
31.56
31.5
31.37
31.31
31.25
31.12
31.06
31
30.93
30.87
30.81
30.75
30.68
30.62
30.56
30.56
30.56
30.5
30.5
30.43
30.43
30.43
30.43
30.43
30.43
30.5
30.5
30.5
30.56
30.62
30.62
30.68
30.75
30.81
30.87
30.93
31
31.06
31.12
31.18
31.25
31.31
31.37
31.43
31.43
31.5
31.56
31.62
31.68
31.75
31.87
31.93
32
32.06
32.12
32.18
32.25
32.31
32.37
32.43
32.5
32.5
32.56
32.62
32.68
32.75
32.81
32.87
32.87
32.93
32.93
33
33
33.06
33.12
33.18
33.18
33.25
33.25
33.25
33.25
33.25
33.25
33.25
33.18
33.18
33.18
33.12
33.06
33
32.93
32.87
32.87
32.81
32.81
32.81
32.75
32.68
32.62
32.56
32.5
32.37
32.31
32.25
32.12
32.06
32
31.87
31.81
31.75
31.68
31.56
31.5
31.43
31.37
31.31
31.25
31.18
31.12
31.06
31
30.93
30.93
30.87
30.81
30.81
30.75
30.68
30.62
30.62
30.56
30.56
30.5
30.5
30.5
30.5
30.5
30.5
30.5
30.5
30.56
30.56
30.56
30.62
30.62
30.68
30.75
30.75
30.81
30.87
30.93
31
31.06
31.06
31.12
31.18
31.31
31.37
31.43
31.5
31.62
31.68
31.75
31.81
31.93
32
32.12
32.18
32.31
32.37
32.43
32.5
32.56
32.62
32.68
32.75
32.81
32.87
32.93
33
33
33.06
33.06
33.12
33.12
33.18
33.18
33.25
33.25
33.25
33.31
33.31
33.37
33.37
33.43
33.37
33.37
33.37
33.37
33.31
33.31
33.25
33.25
33.18
33.12
33.06
33.06
33
33
33
33
33
33
33
33.06
33.06
33.12
33.25
33.31
33.37
33.5
33.56
33.68
33.81
33.93
34.06
34.18
34.31
34.5
34.62
34.75
34.93
35.06
35.25
35.43
35.56
35.75
35.87
36.06
36.25
36.43
36.56
36.75
36.93
37.12
37.25
37.43
37.62
37.81
38
38.12
38.31
38.5
38.62
38.81
38.93
39.12
39.25
39.37
39.56
39.68
39.87
40
40.12
40.25
40.37
40.5
40.56
40.68
40.75
40.81
40.81
40.81
40.81
40.81
40.81
40.81
40.75
40.62
40.5
40.37
40.25
40.12
40
39.87
39.68
39.56
39.37
39.18
39
38.81
38.62
38.43
38.25
38
37.81
37.62
37.43
37.18
37
36.81
36.62
36.43
36.25
36.06
35.87
35.68
35.5
35.31
35.12
34.93
34.81
34.62
34.5
34.37
34.25
34.12
34.06
33.93
33.93
33.81
33.75
33.68
33.68
33.62
33.62
33.62
33.62
33.62
33.62
33.68
33.68
33.75
33.81
33.93
34
34.12
34.25
34.43
34.56
34.68
34.87
35
35.18
35.37
35.56
35.75
35.93
36.12
36.31
36.5
36.68
36.87
37.06
37.31
37.5
37.62
37.81
38
38.18
38.43
38.62
38.81
39
39.18
39.37
39.56
39.75
39.87
40
40.18
40.31
40.5
40.62
40.75
40.87
41
41.06
41.12
41.18
41.18
41.18
41.12
41.06
41
40.93
40.81
40.68
40.56
40.37
40.25
40.06
39.93
39.75
39.62
39.37
39.25
39.06
38.87
38.68
38.56
38.37
38.12
37.93
37.75
37.56
37.37
37.12
36.93
36.68
36.5
36.31
36.06
35.93
35.75
35.56
35.37
35.25
35.06
34.87
34.75
34.56
34.43
34.31
34.18
34.12
34
34
33.93
33.87
33.87
33.87
33.87
33.87
33.93
34
34.06
34.12
34.12
34.25
34.31
34.37
34.43
34.5
34.62
34.68
34.81
34.93
35.12
35.25
35.37
35.5
35.68
35.87
36
36.18
36.37
36.56
36.75
36.93
37.12
37.31
37.5
37.68
37.87
38.06
38.25
38.37
38.5
38.62
38.75
38.93
39.12
39.25
39.43
39.56
39.75
39.87
40
40.12
40.25
40.37
40.43
40.5
40.62
40.68
40.68
40.68
40.68
40.68
40.68
40.56
40.5
40.43
40.37
40.25
40.18
40.06
40
39.93
39.87
39.81
39.75
39.68
39.62
39.62
39.62
39.62
39.62
39.68
39.75
39.75
39.87
39.93
40
40.12
40.25
40.37
40.5
40.62
40.81
40.93
41.06
41.18
41.31
41.43
41.56
41.68
41.81
42
42.18
42.31
42.5
42.62
42.75
42.93
43.06
43.25
43.37
43.56
43.68
43.87
44.06
44.18
44.31
44.37
44.5
44.62
44.68
44.81
44.93
45
45.12
45.25
45.31
45.43
45.56
45.75
45.87
46
46.12
46.18
46.31
46.43
46.5
46.56
46.68
46.75
46.81
46.93
47
47.12
47.18
47.31
47.43
47.5
47.56
47.62
47.68
47.68
47.75
47.81
47.87
47.93
48.06
48.06
48.18
48.25
48.31
48.37
48.5
48.56
48.62
48.62
48.62
48.62
48.62
48.62
48.56
48.56
48.56
48.5
48.5
48.5
48.5
48.5
48.5
48.5
48.5
48.5
48.43
48.37
48.31
48.25
48.12
48
47.87
47.75
47.62
47.5
47.37
47.25
47.06
46.87
46.75
46.62
46.5
46.31
46.12
45.93
45.81
45.62
45.43
45.25
45
44.81
44.62
44.43
44.25
44.12
44
43.81
43.68
43.56
43.5
43.43
43.37
43.31
43.25
43.25
43.25
43.31
43.37
43.43
43.5
43.56
43.62
43.75
43.81
43.87
44
44.06
44.18
44.25
44.31
44.37
44.5
44.56
44.68
44.81
44.93
45.06
45.18
45.31
45.43
45.56
45.62
45.75
45.81
45.93
46.06
46.18
46.25
46.37
46.5
46.62
46.68
46.75
46.81
46.93
47
47.12
47.25
47.37
47.5
47.62
47.68
47.81
47.87
47.93
48
48.06
48.12
48.18
48.25
48.37
48.43
48.5
48.56
48.62
48.68
48.75
48.81
48.87
48.93
49
49.06
49.12
49.18
49.12
49.12
49.06
49
48.93
48.87
48.75
48.62
48.56
48.5
48.37
48.31
48.18
48.12
48
47.93
47.81
47.68
47.56
47.37
47.18
46.93
46.75
46.5
46.25
46.06
45.81
45.62
45.37
45.18
45
44.75
44.56
44.37
44.12
43.93
43.75
43.62
43.43
43.31
43.18
43.12
43.06
43
43
42.93
43
43
43
43.06
43.12
43.18
43.25
43.31
43.37
43.43
43.5
43.62
43.68
43.81
43.87
44
44.06
44.12
44.18
44.25
44.37
44.43
44.56
44.68
44.75
44.87
45
45.06
45.18
45.31
45.37
45.5
45.56
45.62
45.68
45.68
45.68
45.62
45.56
45.43
45.37
45.25
45.12
45.06
44.93
44.87
44.75
44.62
44.5
44.37
44.18
44.06
43.93
43.75
43.56
43.31
43.12
42.87
42.62
42.37
42.12
41.81
41.56
41.25
41
40.75
40.43
40.18
39.93
39.75
39.5
39.25
39
38.81
38.56
38.37
38.12
37.87
37.68
37.43
37.25
37
36.81
36.62
36.5
36.31
36.12
35.93
35.75
35.56
35.37
35.25
35.06
34.87
34.68
34.5
34.37
34.18
34.06
33.93
33.81
33.68
33.5
33.37
33.25
33.12
33
32.87
32.75
32.62
32.5
32.37
32.25
32.06
31.93
31.81
31.75
31.62
31.5
31.37
31.31
31.18
31.12
31
30.93
30.81
30.75
30.68
30.56
30.5
30.43
30.37
30.31
30.25
30.25
30.18
30.12
30.12
30.12
30.06
30.12
30.12
30.12
30.18
30.18
30.18
30.25
30.25
30.31
30.31
30.43
30.5
30.56
30.62
30.68
30.75
30.87
30.93
31
31.06
31.18
31.25
31.31
31.43
31.5
31.62
31.68
31.75
31.87
31.93
32
32.06
32.18
32.25
32.31
32.37
32.5
32.56
32.62
32.75
32.81
32.87
33
33
33.06
33.12
33.18
33.18
33.25
33.25
33.31
33.31
33.37
33.37
33.37
33.37
33.37
33.31
33.31
33.31
33.31
33.31
33.25
33.25
33.18
33.18
33.12
33.06
33
33
32.93
32.87
32.87
32.81
32.75
32.68
32.56
32.43
32.37
32.25
32.12
32.06
31.93
31.87
31.75
31.68
31.62
31.5
31.43
31.31
31.25
31.12
31.06
30.93
30.87
30.81
30.75
30.68
30.62
30.56
30.56
30.5
30.5
30.43
30.43
30.37
30.37
30.37
30.37
30.37
30.37
30.37
30.37
30.37
30.43
30.43
30.43
30.5
30.5
30.56
30.62
30.68
30.75
30.81
30.87
30.93
31.06
31.12
31.25
31.31
31.43
31.5
31.62
31.68
31.81
31.87
31.93
32
32.12
32.18
32.25
32.31
32.37
32.43
32.5
32.5
32.56
32.62
32.68
32.68
32.75
32.75
32.81
32.87
32.87
32.93
32.93
32.93
33
33
33
33
33.06
33.06
33.06
33.12
33.12
33.12
33.06
33.06
33.06
33.06
33
32.93
32.93
32.87
32.81
32.75
32.68
32.62
32.56
32.5
