33.43
33.43
33.37
33.37
33.37
33.37
33.37
33.43
33.43
33.5
33.56
33.56
33.62
33.75
33.81
33.93
34.06
34.18
34.25
34.37
34.5
34.62
34.81
34.93
35.06
35.18
35.31
35.43
35.56
35.68
35.75
35.87
35.93
35.93
36
36.06
36.06
36.06
36
36
35.93
35.87
35.81
35.75
35.68
35.62
35.5
35.43
35.31
35.18
35.06
34.93
34.81
34.68
34.62
34.43
34.31
34.18
34.06
33.93
33.81
33.68
33.56
33.43
33.31
33.18
33.06
32.93
32.81
32.75
32.62
32.5
32.37
32.25
32.18
32.06
31.93
31.81
31.75
31.62
31.56
31.43
31.37
31.25
31.18
31.06
31
30.87
30.81
30.75
30.68
30.62
30.56
30.56
30.5
30.5
30.5
30.43
30.43
30.5
30.5
30.5
30.5
30.56
30.62
30.62
30.68
30.75
30.81
30.87
30.93
31
31.06
31.12
31.18
31.31
31.37
31.43
31.56
31.62
31.75
31.87
31.93
32.06
32.25
32.31
32.43
32.56
32.68
32.75
32.81
32.87
33
33
33.12
33.12
33.18
33.25
33.31
33.31
33.37
33.37
33.43
33.43
33.43
33.43
33.43
33.43
33.43
33.43
33.43
33.43
33.37
33.37
33.31
33.25
33.18
33.12
33.06
33
32.87
32.81
32.75
32.62
32.56
32.5
32.37
32.31
32.18
32.12
32
31.93
31.81
31.75
31.62
31.56
31.5
31.37
31.31
31.25
31.18
31.12
31.06
31
30.93
30.93
30.87
30.87
30.81
30.75
30.75
30.75
30.68
30.68
30.68
30.68
30.68
30.75
30.75
30.81
30.81
30.87
30.93
31
31.06
31.12
31.12
31.18
31.25
31.37
31.43
31.5
31.62
31.68
31.75
31.81
31.87
31.93
32
32.12
32.18
32.25
32.37
32.43
32.56
32.62
32.68
32.75
32.81
32.87
