0
100
100
91.134
89.713
88.292
86.872
77.295
83.258
72.259
71.234
77.062
67.288
55.382
61.543
50.799
46.017
43.701
46.816
36.857
31.618
28.846
15.192
19.544
13.725
10.371
4.2931
0.68055
0
0
1.56
0
2.7224
6.0934
0
0
3.2361
0
3.9468
0
5.3685
0.7632
0
0
0
0
5.1138
0
4.0698
3.4185
0.30159
0
0
0
0
15.667
5.8816
6.2672
4.1872
4.832
3.0112
3.9153
2.3537
3.517
2.2146
3.6371
2.594
4.2757
3.4918
0
9.4491
8.9866
11.249
11.046
5.4108
12.85
15.569
15.822
9.2839
19.77
12.188
22.871
15.485
25.006
20.408
28.885
23.124
34.388
27.583
29.528
32.894
33.732
35.874
29.921
39.571
33.68
35.236
46.307
39.248
31.36
41.602
43.158
44.713
38.112
38.894
47.771
41.045
40.344
42.17
42.693
43.154
42.194
43.761
44.025
44.227
34.85
43.542
43.484
33.849
42.281
32.448
32.527
39.397
29.243
19.484
34.647
25.458
22.232
21.471
26.141
25.894
24.343
13.215
28.31
10.96
24.691
15.373
12.079
11.313
17.401
7.886
13.911
4.3343
10.297
8.8147
7.3319
5.8491
4.3664
2.8836
1.4009
0
0
6.6739
0
6.7361
6.0884
6.8625
5.1086
4.658
4.2696
13.459
4.5812
4.452
13.901
5.282
5.412
15.12
6.7605
16.666
8.503
17.246
11.87
19.569
13.031
23.517
15.935
17.102
27.847
20.524
21.95
24.798
25.118
26.741
28.426
31.533
23.956
33.222
26.948
36.276
38.221
32.071
33.367
44.179
36.861
38.23
39.598
40.967
32.82
42.803
35.942
44.622
37.699
38.16
37.2
38.767
39.031
47.389
40.145
38.925
32.076
39.465
37.986
30.878
38.007
36.269
37.058
36.545
35.969
33.971
26.345
32.956
30.699
22.813
29.165
18.492
25.888
24.534
21.759
21.512
19.961
