100
0
6.9353
0.84932
0
1.0673
1.0634
1.0224
0
0.91599
0.75422
0.55311
0
0.75527
0.42544
6.9706
0.32149
6.8326
7.0665
14.217
8.2225
15.406
9.4596
16.675
18.823
25.703
20.595
22.894
23.056
24.29
25.559
28.001
28.313
29.691
39.042
26.516
34.169
35.684
37.231
32.021
32.971
41.836
35.643
36.631
44.397
39.266
40.286
41.305
42.325
36.561
43.704
44.692
37.759
39.106
46.189
40.307
40.561
39.645
40.856
41.001
33.133
40.409
40.405
40.364
32.265
39.384
39.183
37.792
31.632
37.537
35.967
36.55
36.04
27.347
34.075
33.371
32.618
30.645
30.843
29.929
28.961
26.761
26.743
18.492
22.489
22.233
27.976
20.115
18.658
15.938
15.423
20.952
19.975
11.788
17.263
16.219
15.174
14.13
13.086
12.042
10.998
17.15
16.861
9.4555
16.903
8.5071
14.821
7.5795
13.942
6.7736
13.184
6.0868
13.726
5.6385
12.148
12.293
12.492
13.919
13.168
13.531
13.943
15.572
15.032
15.595
24.328
17.681
18.43
27.3
20.865
21.786
22.747
24.895
24.899
25.981
27.1
29.399
29.562
30.796
32.065
26.531
35.169
28.65
36.185
30.739
38.302
32.895
33.674
41.266
35.898
36.711
37.524
38.337
32.331
39.296
33.25
40.185
34.099
33.034
40.94
34.764
34.76
34.719
41.5
34.049
34.965
34.803
34.602
33.211
40.865
34.314
33.985
33.613
32.042
39.561
32.801
32.291
31.736
29.972
37.346
30.361
29.657
28.904
26.931
27.129
26.215
25.247
23.047
23.029
28.967
21.403
20.202
17.754
17.498
16.104
21.798
13.861
11.142
10.626
16.155
7.9682
13.443
12.399
11.355
10.311
9.2664
8.2222
14.374
6.8911
5.9141
12.119
13.087
11.855
11.762
11.727
12.935
11.955
19.167
14.207
20.489
14.543
16.172
15.632
16.195
16.804
18.619
18.274
25.958
21.667
21.503
22.424
23.384
25.532
25.536
26.618
27.738
22.027
30.547
30.709
31.943
26.368
33.84
28.306
36.944
30.425
31.135
31.845
32.555
33.265
33.975
34.684
35.394
28.127
36.032
29.856
36.698
30.479
37.291
31.03
29.806
37.589
31.232
37.946
31.543
38.225
31.777
38.427
30.78
31.535
31.206
37.751
31.102
37.613
29.756
30.34
36.775
29.963
29.408
27.644
35.018
28.033
27.329
26.575
24.603
31.82
24.591
30.708
23.417
22.449
28.482
19.883
26.933
19.436
25.375
17.811
16.609
22.456
13.564
100
0
10.142
13.828
17.513
21.199
24.885
21.471
31.612
35.285
38.958
42.632
46.305
57.066
54.296
57.982
61.668
72.428
69.682
73.38
77.078
80.776
84.474
81.085
91.226
87.812
90.852
100
95.343
92.28
100
94.556
100
94.443
97.762
91.361
100
100
94.372
100
92.933
93.781
95.765
95.115
95.458
95.593
96.839
95.28
94.677
85.457
83.327
80.721
86.229
74.822
80.986
67.082
70.885
66.114
60.839
45.848
49.222
40.815
33.248
25.118
17.995
16.82
0
0.93104
0
0
0
0.45479
0
0
0
0
0.69164
0
1.8078
0
10.036
0
3.4712
0
0
0
5.795
0
3.6667
0
6.0375
2.6647
2.7062
1.8672
1.5154
0.13233
2.0269
3.0145
4.4197
4.7691
16.842
11.753
14.702
17.956
20.11
25.129
29.147
33.381
45.741
34.05
47.074
51.967
48.024
53.578
56.785
62.465
65.815
62.876
75.453
71.528
75.506
80.738
83.648
80.338
83.728
87.119
90.509
86.52
87.989
99.185
95.103
97.746
91.629
100
94.968
95.456
98.278
98.574
100
92.262
92.605
100
91.513
91.262
90.747
91.322
88.97
79.087
84.907
92.662
81.004
78.061
74.682
72.332
75.661
62.92
59.321
61.485
38.016
39.695
34.035
24.885
25.993
10.36
0
0
0
0
0.046446
0
0
0
0
0.69164
0
0
0.024671
0
1.8078
0
1.5286
0
10.207
0
1.3446
6.9774
0
0
5.391
1.3116
0.6845
0
0
17.993
0.7185
9.0873
8.3139
19.587
13.351
24.036
18.816
21.665
33.193
27.843
41.035
37.786
34.049
44.375
50.164
47.092
49.938
55.34
58.381
63.934
59.528
70.803
68.971
71.641
75.481
71.849
75.042
78.236
73.905
83.911
79.528
80.71
84.26
86.621
88.942
82.255
92.609
85.692
95.967
90.111
89.933
82.843
92.107
83.295
92.297
82.907
90.21
82.822
80.015
78.122
75.848
74.62
78.983
67.643
65.293
68.622
55.881
61.348
46.32
51.065
35.074
37.512
23.46
23.679
18.062
9.1083
2.7567
0
2.4073
0
1.8773
0
0
0
2.12
0
0.51091
1.9727
0
0
0
0
4.8587
0
0
0
7.1079
0
4.9719
0
7.2602
0
9.323
0
9.9595
2.0532
9.8189
12.793
14.836
17.242
18.571
14.444
25.269
27.423
24.218
35.546
100
0
19.333
38.27
47.932
66.851
83.075
100
100
100
100
100
100
100
100
100
100
100
100
100
100
100
100
100
100
100
100
100
100
100
100
100
100
100
100
100
100
100
100
100
100
100
100
100
100
100
100
100
100
100
100
100
100
100
100
100
100
100
100
100
100
100
100
100
100
100
100
100
100
100
100
100
91.022
100
100
100
100
100
95.931
100
93.461
100
100
93.653
100
100
100
93.29
100
94.277
100
100
93.556
100
89.769
100
89.23
90.793
88.755
100
100
99.994
87.7
98.307
85.521
85.284
93.649
90.58
80.208
88.076
84.46
73.523
91.448
79.538
75.407
74.514
82.457
70.136
77.977
65.53
60.917
59.567
56.488
53.304
60.648
45.805
54.675
41.475
48.628
45.983
32.672
39.739
36.996
34.253
31.51
39.421
37.637
37.73
34.548
33.1
21.149
29.538
30.077
16.776
25.382
24.405
35.85
34.543
24.579
36.605
35.984
49.417
41.76
42.19
46.227
47.289
51.958
53.676
58.997
61.39
77.657
71.606
68.205
81.276
76.728
93.534
88.013
100
95.055
100
100
100
96.003
100
100
95.608
100
100
100
100
94.468
100
85.782
99.756
100
100
94.036
100
100
100
100
94.08
95.545
100
100
90.667
93.546
92.83
95.041
93.654
95.217
93.179
94.117
100
87.706
98.313
85.527
95.73
84.214
90.713
80.341
88.209
84.593
94.701
83.06
80.928
78.676
74.545
73.651
71.028
55.925
64.316
61.237
68.673
55.722
50.661
59.531
56.988
54.445
51.901
49.358
36.159
43.311
40.666
38.022
24.711
31.778
29.035
26.292
23.548
20.805
28.716
16.276
24.275
34.987
22.175
20.837
31.952
19.676
18.818
30.371
29.193
31.627
20.518
32.925
32.747
46.592
37.701
52.255
56.294
60.837
53.878
70.145
64.094
81.179
77.76
92.475
91.527
96.946
100
96.003
100
100
100
100
97.503
100
100
100
100
100
96.525
100
100
94.468
100
95.947
100
100
92.729
97.53
100
100
93.29
93.795
100
90.667
100
100
100
0
100
54.23
5.9661
0
0
0
0
0
0
0
0
0
0
0
0
0
0
0
0
0
0
0
0
0
0
0
0
0
0
0
0
0
0
0
0
0
0
0
0
0
0
0
0
0
0
0
0
0
0
0
0
0
0
0
0
0
0
0
1.4244
0
0
0
2.5017
0
0
0
0
0
0
0
0
0
6.8268
5.9256
4.0899
0
6.6227
5.5673
7.0845
0.44206
0
8.5371
1.2938
2.9413
2.4513
4.3301
4.0772
6.1676
6.1321
8.417
1.5966
10.33
10.636
5.1411
14.043
7.6572
16.656
10.42
18.369
21.304
15.294
16.563
25.829
19.99
21.402
23.98
24.435
32.739
29.294
29.885
24.754
32.547
27.452
28.503
29.555
37.375
25.537
32.735
33.786
34.837
35.889
30.161
30.552
37.695
30.762
32.11
32.397
39.452
33.531
32.615
33.826
33.972
26.104
33.379
33.375
33.334
32.111
33.027
32.866
32.664
31.273
32.029
31.699
31.327
29.756
30.34
29.83
29.275
27.511
27.91
27.205
26.452
24.48
24.678
23.764
22.796
20.596
20.578
19.434
18.232
15.784
22.65
14.863
20.606
19.893
12.032
17.726
16.952
9.015
14.658
13.822
12.985
12.149
11.312
10.476
9.6395
8.803
7.9666
14.28
7.039
6.2652
12.628
5.4593
11.869
13.077
4.9898
11.5
11.644
11.843
13.27
12.519
12.882
13.294
21.917
15.097
15.706
17.52
10.211
17.219
17.967
18.758
20.745
13.656
20.806
21.727
22.687
24.835
24.839
25.921
20.167
27.514
29.813
29.975
24.358
31.8
26.225
26.859
27.492
28.125
28.758
29.391
36.863
24.479
38.153
25.769
32.611
33.244
27.026
33.837
27.576
34.357
26.906
34.689
28.332
35.045
28.643
28.442
35.092
27.445
28.201
27.871
34.416
27.767
26.196
33.715
26.955
26.445
25.89
32.253
24.169
31.543
24.558
23.854
30.098
22.998
29.203
20.872
28.09
20.86
26.978
19.686
25.762
25.461
18.106
24.139
23.786
15.187
22.236
21.82
21.404
13.907
19.846
19.375
18.904
18.433
17.962
17.491
17.02
16.548
16.077
15.606
15.135
14.664
14.193
13.722
13.251
19.849
13.034
20.848
20.097
13.419
20.149
13.532
20.302
21.93
14.384
21.238
14.807
21.699
15.323
9.3963
1.7159
4.7862
2.4671
6.0608
3.3714
6.5065
4.2592
7.4236
8.1658
