52.47
9.5098
12.987
14.054
15.146
16.754
17.497
15.74
19.347
20.547
18.843
22.988
20.909
24.594
22.947
26.656
27.96
26.364
30.608
28.637
32.421
30.88
31.767
32.653
33.539
34.425
35.311
36.197
37.083
37.969
35.932
39.221
40.083
37.532
38.273
38.585
38.871
38.643
39.279
39.484
39.663
39.326
39.853
37.008
38.999
36.469
38.864
35.346
35.109
36.867
34.079
36.236
32.443
34.912
31.006
33.373
32.827
32.245
31.13
27.89
32.619
25.905
30.971
27.665
26.8
25.893
24.442
23.858
25.828
22.291
21.201
23.088
18.949
18.176
19.967
16.225
14.937
16.637
12.283
11.305
12.901
11.985
8.0204
9.5676
8.5997
7.6318
9.7097
6.2816
5.3658
7.4916
7.6636
6.9688
6.7389
3.5275
5.8429
6.2086
8.7217
6.2338
6.7779
6.4551
9.5837
7.8153
7.6574
10.934
9.327
12.299
10.311
14.284
11.996
12.609
16.707
14.557
15.3
19.515
17.496
18.361
22.688
20.793
21.774
23.272
23.905
24.971
26.064
27.671
28.415
29.589
27.859
28.561
32.193
30.49
34.634
32.555
33.313
34.071
34.829
35.587
32.927
36.492
37.221
35.018
35.223
38.334
36.077
35.741
36.268
36.362
36.43
35.979
36.394
36.373
36.324
35.755
36.051
35.91
35.74
38.492
35.348
35.52
35.252
34.952
34.127
31.199
33.225
32.26
32.16
31.615
31.033
29.917
29.668
28.969
28.231
26.954
29.54
26.234
25.369
24.463
23.012
22.427
21.383
23.312
19.727
21.613
17.475
19.727
16.035
14.797
13.509
15.209
10.855
12.918
12.053
11.188
10.323
9.4584
8.5935
11.272
7.5411
6.7344
8.9608
8.7309
8.5475
8.9132
8.412
5.3536
7.8029
4.7909
4.27
6.7599
7.304
6.9812
7.1128
7.284
10.983
8.3896
8.7185
12.559
10.124
10.6
14.573
12.285
12.898
14.036
17.266
15.557
16.822
17.22
18.056
18.92
20.304
20.823
21.776
22.757
24.255
21.949
25.427
26.493
24.65
28.178
29.786
30.529
28.772
32.379
30.649
34.281
32.577
33.305
34.034
34.762
35.49
36.218
36.946
34.744
37.88
38.582
36.353
39.464
37.207
36.87
40.333
38.017
38.111
38.178
37.728
38.142
41.065
38.601
38.552
35.034
37.749
37.578
36.884
34.097
36.253
35.428
35.468
32.095
33.593
30.515
32.403
28.299
30.488
29.75
28.473
28.063
27.198
26.291
24.84
24.255
23.211
22.122
20.483
22.735
19.043
20.834
17.092
18.838
15.044
100
0
5.5224
8.117
7.703
12.795
12.363
17.442
16.991
25.068
25.117
27.682
30.246
35.82
35.887
41.472
41.557
47.654
50.343
53.462
53.6
59.232
59.386
62.039
64.692
67.345
69.998
72.651
72.309
77.449
77.091
75.715
80.744
82.827
81.37
86.346
85.327
86.294
88.148
89.025
90.788
91.563
89.614
93.769
94.327
92.635
95.623
93.185
93.764
96.424
93.554
96.94
93.307
92.61
92.249
93.976
89.951
88.972
86.725
88.039
83.558
80.55
77.699
74.527
75.06
68.024
63.961
63.627
55.63
54.728
46.112
44.034
39.395
29.88
27.537
17.378
13.823
7.6717
0.18694
0
0
0
0
0
0
0
0
0
0
0
0
0
0
0
0
0
0
0
0
0
0
0.994
0
0
0
0
0
0
3.9343
1.5495
2.2781
3.294
7.9511
6.2676
8.5864
10.678
12.984
14.946
18.077
20.932
23.947
26.576
30.3
33.707
37.223
37.2
43.888
44.037
47.757
50.588
54.401
54.267
60.685
57.575
66.057
66.466
69.931
69.458
74.965
74.935
77.431
79.928
82.424
84.921
84.386
89.396
88.333
90.711
89.597
93.53
92.762
93.562
92.16
95.399
96.94
94.337
97.794
95.928
95.591
95.545
95.338
95.496
94.487
93.725
92.746
92.088
90.188
88.487
83.131
83.572
84.9
78.767
75.595
72.67
64.885
63.462
58.817
53.806
49.013
42.79
36.67
30.165
27.445
20.475
10.734
6.064
0
0
0
0
0
0
0
0
0
0
0
0
0
0
0
0
0
0
0
0
0
0
0
3.9404
0
1.5766
0.146
0
0
2.8056
6.0753
3.4876
3.4579
4.7447
5.8487
10.584
9.5412
14.803
13.774
16.659
22.531
19.479
24.573
28.122
31.367
31.05
37.542
41.091
41.103
47.813
48.508
51.315
55.107
54.947
60.842
58.124
64.058
66.539
66.419
68.84
71.26
73.68
73.052
74.437
76.731
78.578
83.465
79.143
83.906
85.652
87.372
88.548
87.535
91.723
89.651
91.057
88.279
91.59
92.71
92.769
90.491
89.73
92.475
89.69
88.409
87.359
86.072
85.093
82.846
80.784
78.432
76.347
72.927
69.652
66.042
66.15
62.134
58.937
54.452
47.265
41.538
39.461
31.27
28.104
18.681
15.962
8.9908
2.8398
0
0
0
0
0
0
100
0
11.541
23.083
34.624
53.301
62.685
75.69
87.705
100
100
100
100
100
100
100
100
100
100
100
100
100
100
100
100
100
100
100
100
100
100
100
100
100
100
100
100
100
100
100
100
100
100
100
100
100
100
100
100
100
100
100
100
100
100
100
100
100
100
100
99.861
100
100
99.235
100
100
99.731
100
100
98.602
99.434
96.745
100
99.993
100
100
96.286
96.629
99.424
100
96.223
98.594
98.855
94.633
96.594
92.573
94.878
89.374
88.039
89.23
88.29
86.725
85.071
87.234
81.614
80.308
78.378
76.363
69.674
75.119
65.643
65.81
63.827
61.222
53.913
54.904
51.991
52.983
50.685
48.387
46.089
43.791
45.464
39.952
37.726
39.465
34.03
31.876
29.721
27.567
25.412
23.258
21.104
18.949
21.415
19.486
18.177
16.944
20.379
19.536
20.047
19.549
20.408
20.272
21.496
21.741
27.208
29.271
27.167
29.589
31.071
37.733
41.076
44.76
44.373
52.24
56.847
61.186
70.752
73.474
79.628
86.15
92.421
96.457
100
100
100
100
100
100
100
100
100
100
100
100
100
100
100
100
100
100
100
100
100
100
100
100
100
100
99.861
100
100
100
100
100
100
100
100
100
100
97.362
100
97.626
97.507
98.302
100
97.314
96.389
96.396
99.507
98.72
98.981
94.759
96.721
92.699
90.486
89.245
86.634
85.009
86.574
80.263
82.105
80.091
77.337
75.683
73.406
71.049
67.955
62.014
62.609
59.193
56.899
53.986
51.002
47.283
44.698
41.496
38.226
34.223
31.366
27.891
24.355
28.784
22.608
23.768
21.667
20.296
17.782
19.868
19.452
14.007
12.466
15.61
10.491
13.854
8.9945
11.935
8.5259
11.172
11.946
11.721
16.736
18.308
24.028
22.506
29.431
33.118
33.448
41.026
42.179
50.55
52.549
57.366
67.4
70.613
77.252
87.971
92.426
99.671
100
100
100
100
100
100
100
100
100
99.886
100
100
100
100
100
100
100
100
100
100
100
100
100
100
100
100
100
100
100
100
0
100
76.034
54.491
27.234
1.7858
0
0
0
0
0
0
0
0
0
0
0
0
0
0
0
0
0
0
0
0
0
0
0
0
0
0
0
0
0
0
0
0
0
0
0
0
0
0
0
0
0
0
0
0
0
0
0
0
0
0
0
0
0
0
0
0
0
0
0
0
0
0
0
0
0
1.6483
0.52491
0
0
0
2.3131
0
0
0
0.21505
2.6793
0.65953
0.33871
1.0391
0.91914
1.8082
1.8731
2.936
3.1715
4.3953
4.7889
9.1381
7.7458
8.3919
6.5477
10.645
11.453
13.22
11.202
15.503
13.579
17.473
16.532
20.101
18.758
20.365
24.039
22.807
24.52
25.37
26.649
27.953
26.358
30.601
31.554
30.014
30.9
34.707
30.269
33.581
34.467
32.43
35.719
36.581
34.03
37.696
35.604
38.841
33.793
35.998
36.634
36.838
37.017
36.68
34.27
36.777
36.326
36.741
33.774
35.651
35.947
32.853
34.611
31.823
33.979
33.154
30.226
32.252
31.287
31.187
27.66
29.016
28.766
28.067
23.833
25.904
25.039
20.621
22.527
21.483
16.865
21.616
17.924
16.686
15.399
17.098
12.744
14.807
10.898
12.494
8.5294
10.076
9.1086
8.1407
7.1729
9.2508
5.8227
4.9068
3.991
3.0751
5.201
1.8266
4.505
0.7741
3.0005
2.7706
2.5872
0
2.8616
2.3604
0
2.4493
2.4503
2.9944
5.6721
6.8584
4.2251
7.5021
8.8753
6.44
10.382
8.0598
11.605
10.288
10.56
14.227
13.042
16.391
14.81
19.137
17.242
21.652
19.847
20.913
22.006
23.613
24.356
25.531
23.8
27.433
25.729
29.873
27.795
31.479
29.832
30.615
31.398
32.181
32.964
33.747
34.53
35.313
33.168
36.357
37.114
34.455
38.02
35.818
36.023
36.201
35.864
36.392
36.486
36.553
33.16
35.99
32.502
35.245
32.151
33.908
31.121
33.277
29.485
31.953
31.517
30.552
27.473
29.361
28.246
27.996
27.297
26.559
25.282
27.869
24.563
23.698
22.791
24.849
20.909
23.335
19.844
18.8
20.729
17.144
19.03
18.42
14.282
16.534
15.871
15.207
11.516
13.307
12.597
8.8547
10.601
9.8427
12.114
8.9027
8.1926
7.4825
9.7979
10.164
6.6419
9.0498
9.008
9.009
9.5531
9.2302
9.3618
9.533
