28.531
27.344
27.406
27.469
26.924
27.271
26.711
26.436
26.045
26.395
25.787
25.465
25.735
25.097
25.352
24.599
24.886
24.216
24.439
23.754
23.961
23.869
23.169
23.361
22.545
22.77
22.645
22.52
22.395
22.27
22.145
21.412
21.572
21.432
20.685
20.83
21.282
20.842
20.702
20.562
20.422
20.282
20.75
20.325
20.2
20.784
19.617
19.842
19.717
19.592
19.467
19.342
19.217
19.801
19.344
18.527
18.752
18.627
17.895
18.055
17.915
17.775
18.242
17.817
18.401
18.551
18.159
18.674
18.904
18.541
19.187
19.4
19.07
19.647
19.94
19.64
20.349
20.016
20.034
20.659
20.391
21.031
20.779
20.826
21.481
21.244
21.306
22.077
21.807
21.887
22.575
22.37
22.465
22.56
22.655
23.357
23.167
23.277
23.387
23.497
23
23.395
23.49
23.585
23.68
23.775
23.87
23.965
24.06
24.155
24.25
24.952
24.762
24.872
24.982
25.092
25.202
25.312
25.422
24.925
25.32
25.415
25.51
25.605
25.092
26.08
25.267
25.647
25.727
25.807
25.887
25.967
26.047
26.127
26.207
26.287
26.367
26.447
26.527
25.899
26.311
26.374
26.436
25.891
26.239
26.286
26.334
26.381
25.821
25.546
25.864
25.172
25.522
24.915
25.2
25.185
24.562
24.832
24.802
24.165
24.42
24.375
23.621
23.909
23.239
23.461
23.384
23.306
23.229
22.544
22.751
22.659
22.566
22.474
22.381
22.289
22.196
22.104
22.011
21.919
21.826
21.734
22.249
21.871
21.794
21.716
21.639
21.561
21.484
21.406
21.329
21.859
21.496
21.434
21.371
21.309
21.246
21.184
21.121
21.767
21.372
21.327
21.282
21.237
21.8
21.47
22.047
21.732
21.717
21.702
21.687
22.28
21.98
21.98
21.98
21.98
21.98
21.98
21.98
21.98
21.98
22.689
22.356
22.374
22.391
22.409
22.426
21.735
22.085
22.794
22.461
22.479
22.496
23.121
22.854
23.494
23.241
23.289
23.336
23.384
24.039
23.801
23.256
23.604
23.651
23.699
23.746
23.794
23.841
23.889
23.936
23.984
24.031
24.079
24.126
24.174
24.221
24.269
24.316
24.364
23.804
24.136
24.169
24.201
24.234
24.266
24.299
24.331
24.364
23.789
24.106
24.124
24.141
24.159
24.176
23.485
23.835
23.835
23.835
23.835
23.227
23.512
23.497
23.482
22.86
23.13
23.1
23.07
23.04
23.01
22.98
22.95
22.92
22.89
22.86
22.83
22.8
22.77
22.132
22.995
73.29
49.51
50.73
51.95
53.17
54.39
55.61
56.83
58.05
59.27
60.49
61.102
61.899
63.436
64.016
64.881
65.731
66.465
67.332
68.135
68.214
69.319
70.059
70.075
70.51
70.764
71.136
71.327
71.03
71.444
71.676
71.727
71.189
71.611
71.552
71.612
71.491
71.489
70.697
70.917
70.049
70.09
69.292
68.599
68.515
68.2
67.096
67.004
66.43
65.975
64.731
64.397
63.225
62.764
61.412
61.022
60.151
59.399
58.465
57.65
56.654
55.776
54.717
53.777
52.656
52.261
50.185
50.027
48.597
47.336
46.801
45.901
44.885
44.002
43.055
42.092
41.014
40.069
39.059
38.641
37.316
36.884
35.442
35.042
33.685
33.22
32.455
31.69
30.925
29.552
29.072
28.292
27.512
26.732
25.952
25.78
24.715
24.557
23.507
23.466
22.384
22.259
21.241
21.131
20.129
20.034
19.755
19.342
18.995
18.662
18.446
18.096
18.419
17.965
18.285
18.486
18.569
18.832
18.977
19.304
18.904
19.476
19.88
19.557
19.6
20.366
20.106
20.92
20.707
21.467
22.059
22.531
23.185
23.72
23.829
24.711
25.475
25.512
26.522
26.756
27.156
28.229
29.132
29.31
29.852
31.119
31.359
31.964
32.685
33.88
33.64
34.607
34.682
35.057
35.432
36.516
36.559
36.951
37.344
37.736
38.736
38.844
39.859
39.981
40.404
40.826
41.249
41.671
42.094
42.516
42.331
43.039
43.446
43.854
44.261
44.669
45.076
45.484
45.284
45.267
45.992
45.76
45.812
45.85
45.771
46.434
46.139
46.736
46.426
46.401
46.26
46.252
46.18
46.092
45.889
45.819
45.684
45.534
45.267
45.135
44.33
44.301
44.106
43.846
43.571
43.18
42.922
43.207
42.585
42.247
42.502
41.749
41.429
41.044
40.644
40.127
39.745
39.297
38.835
38.256
38.419
37.624
37.114
37.196
36.371
35.73
35.83
34.972
35.007
34.135
34.155
33.875
33.595
33.315
33.035
32.755
32.475
32.802
32.237
31.972
31.707
31.442
31.785
31.235
30.985
31.444
30.861
31.236
30.719
31.109
30.606
31.011
30.524
30.336
30.857
30.337
30.167
30.605
30.15
30.602
30.77
30.345
30.929
31.079
31.294
30.916
31.446
31.084
31.73
31.335
31.29
31.852
31.522
32.1
31.785
32.377
32.077
32.786
32.454
33.079
32.811
33.451
33.199
33.854
33.616
34.387
34.117
34.805
34.6
35.302
35.112
35.222
35.94
35.765
35.89
36.015
36.14
36.265
37.099
36.891
100
53.25
55.608
58.265
60.923
63.58
66.238
68.895
71.553
73.602
76.545
79.188
81.121
84.096
86.114
88.416
90.704
92.875
94.573
97.098
98.599
100
100
100
100
100
100
100
100
100
100
100
100
100
100
100
100
100
100
100
100
100
100
100
100
100
99.604
100
100
100
100
100
100
99.834
99.97
100
100
100
100
100
100
100
100
99.814
100
100
100
99.381
100
99.626
99.671
99.535
99.518
99.319
99.239
99.585
99.158
98.849
98.659
98.288
98.643
98.025
98.184
97.569
97.781
97.578
96.9
97.05
96.176
95.721
95.693
94.89
94.915
93.916
93.336
93.183
92.863
92.478
92.078
91.561
91.179
90.731
90.269
89.69
89.245
88.735
87.501
87.294
86.721
86.134
86.139
85.844
85.549
85.254
85.566
84.986
84.706
84.426
83.539
84.151
82.964
82.969
81.965
82.003
81.083
81.055
80.728
79.793
79.75
79.408
79.065
78.723
78.38
78.038
77.695
77.353
77.01
76.668
76.325
75.375
75.318
74.251
73.619
73.529
73.139
72.749
72.359
72.576
71.901
71.526
71.151
70.776
70.401
70.026
69.651
69.276
69.61
68.194
68.169
67.794
67.419
67.044
66.061
65.971
65.581
65.191
64.801
65.019
64.344
64.678
64.578
63.935
64.2
63.573
63.245
63.525
62.913
63.309
62.664
62.976
63.004
62.439
62.781
62.231
62.69
62.108
61.875
61.643
62.018
61.5
61.283
61.673
61.17
61.575
61.088
60.9
61.421
60.901
60.731
60.561
60.391
60.829
60.374
60.826
61.703
60.945
61.445
61.66
61.283
61.205
61.128
61.05
61.58
61.218
61.155
61.093
60.423
61.253
60.89
61.536
61.749
62.026
61.711
61.696
62.289
61.989
62.698
62.973
63.313
63.668
63.43
64.201
63.931
64.011
64.091
64.171
64.251
64.939
64.734
64.221
64.601
64.681
65.369
65.164
65.866
66.284
66.109
66.234
67.068
66.86
67.003
67.753
67.61
68.375
68.248
68.42
69.2
69.088
69.275
70.171
70.026
70.231
69.728
70.265
69.845
69.71
70.168
70.325
70.483
70.64
70.798
70.955
71.113
71.878
71.75
71.923
71.488
71.945
72.103
72.26
73.025
72.29
72.748
73.513
72.778
73.843
73.108
73.565
73.115
73.558
72.991
73.466
73.591
73.716
73.234
73.644
73.754
73.864
73.974
74.084
0
71.36
67.72
64.08
60.44
56.8
53.16
49.52
45.88
42.24
38.6
34.353
30.998
26.735
22.656
19.319
15.631
12.653
9.24
5.285
2.2375
0
0
0
0
0
0
0
0
0
0
0
0
0
0
0
0
0
0
0
0
0
0
0
0
0
0
0
0
0
0
0
0
0
0
0
0
0
0.465
0
0
0
0
0
0
0.11375
0
0.22375
0
0
0.37875
0
0
0
0.02375
0.045
0.11375
0.12875
0
0.49375
0.63375
0.97
1.3038
0.97625
1.7375
1.5887
2.2787
2.2575
3.1262
3.0337
4.03
4.015
4.4812
4.8287
5.3575
5.7675
6.3587
6.2237
7.1625
7.6825
8.3837
8.3587
9.3062
10.085
10.137
11.264
11.364
12.436
12.732
13.195
14.33
14.689
15.214
15.804
16.409
17.13
17.717
18.37
19.037
19.821
20.471
20.579
21.594
21.716
22.746
22.884
23.321
23.759
24.905
25.01
25.465
25.92
26.375
26.83
27.285
27.74
28.195
28.65
28.396
29.184
29.621
29.451
30.174
30.596
30.411
30.511
31.204
30.887
31.005
31.665
31.417
31.455
31.376
32.039
31.744
31.734
31.709
31.567
31.56
31.487
31.4
31.196
31.126
30.991
30.841
30.575
29.835
29.922
29.594
29.399
29.139
28.864
28.472
28.215
27.892
28.162
27.525
27.071
26.751
26.366
25.966
25.45
25.067
25.227
24.48
24.625
23.862
23.992
23.114
23.276
22.481
22.579
22.376
21.566
21.649
21.431
20.606
20.674
20.441
20.209
19.976
19.035
19.135
18.885
18.635
18.385
18.135
17.277
17.312
17.047
16.782
16.517
16.252
16.595
16.045
15.795
15.545
15.295
15.045
15.504
14.921
15.296
14.779
15.169
15.274
14.786
15.307
15.395
14.94
15.392
15.56
15.844
15.994
16.209
15.831
15.754
16.284
15.921
16.567
16.78
16.45
17.027
17.32
17.02
17.729
17.396
18.021
17.754
18.394
18.141
18.796
19.267
18.997
19.685
19.48
19.575
20.277
20.087
20.197
20.915
20.74
21.574
21.366
22.116
21.974
22.131
22.896
22.769
22.941
23.114
23.286
24.066
23.954
24.141
24.329
24.516
24.704
24.891
25.787
25.642
25.139
25.676
25.864
26.051
26.239
26.426
26.614
26.801
26.381
26.854
27.026
26.591
27.049
27.206
26.756
27.199
26.632
27.107
26.625
27.035
26.537
