47.18
47.18
47.18
47.18
47.18
47.18
47.18
47.18
47.18
47.18
47.25
47.18
47.25
47.25
47.25
47.31
47.31
47.31
47.31
47.37
47.37
47.37
47.37
47.37
47.37
47.37
47.37
47.43
47.43
47.43
47.5
47.56
47.62
47.68
47.75
47.81
47.81
47.87
47.87
47.93
47.93
47.93
47.93
47.93
47.93
47.93
47.93
47.93
48
48
48.06
48.06
48.06
48.06
48.06
48.06
48.06
48.06
48.06
48.06
48.06
48.12
48.12
48.12
48.18
48.25
48.25
48.25
48.25
48.25
48.31
48.37
48.43
48.43
48.43
48.5
48.5
48.56
48.62
48.62
48.68
48.68
48.68
48.68
48.68
48.62
48.62
48.62
48.56
48.56
48.62
48.62
48.62
48.62
48.62
48.62
48.62
48.62
48.68
48.75
48.81
48.87
48.93
49
49.06
49.12
49.18
49.18
49.18
49.25
49.18
49.18
49.12
49.12
49.06
49.06
49.12
49.12
49.12
49.12
49.12
49.12
49.12
49.12
49.12
49.12
49.12
49.12
49.12
49.12
49.12
49.12
49.12
49.12
49.06
49.06
49
48.93
48.93
49
49.06
49.06
49.12
49.12
49.06
49.06
49.06
49.12
49.12
49.12
49.12
49.12
49.12
49.12
49.06
49.06
49.06
49.06
49.06
49.06
49.06
49
49
48.93
48.93
48.87
48.87
48.87
48.87
48.87
48.87
48.93
48.93
49
49.06
49.12
49.12
49.12
49.06
49.06
49
49
49
49
49.06
49.06
49.06
49
49
49
49
49
49
49
49
49
49
49
49
49
49
49.06
49.06
49.06
49.06
49.06
49.06
49.06
49.06
49.06
49
49
49
49
49.06
49.06
49.06
49.06
49.06
49.06
49.06
49.06
49.06
49
49
49
49
49.06
49.06
49.12
49.12
49.12
49.06
49.06
49.06
49.06
49.06
49
49.06
49.06
49
49
49
49
49
49
49
49
49
49
49
49
49.06
49
49
49
48.93
48.93
49
48.93
48.93
48.93
48.87
48.87
48.87
48.81
48.81
48.81
48.81
48.81
48.87
48.87
48.87
48.87
48.87
48.81
48.81
48.81
48.87
48.87
48.87
48.87
48.93
48.93
48.93
48.93
48.93
48.87
48.87
48.81
48.81
48.81
48.75
48.75
48.75
48.75
48.75
48.81
48.81
48.81
48.87
48.87
48.81
48.81
48.81
48.81
48.81
48.81
48.75
48.75
48.75
48.75
48.81
48.81
48.81
48.81
48.81
48.81
48.87
48.87
48.93
48.93
48.93
48.93
48.93
49
49
49.06
49.06
49.06
49.06
49.06
49.06
49.06
49.06
49
49
49
49
49.06
49.06
49.06
49
49
48.93
48.93
48.93
49
49.06
49.12
49.12
49.12
49.12
49.12
49.12
49.18
49.18
49.12
49.12
49.12
49.12
49.06
49.06
49
48.93
48.93
48.87
48.81
48.81
48.81
48.75
48.75
48.75
48.75
48.81
48.81
48.81
48.87
48.87
48.87
48.87
48.93
49
49
49
49.06
49.06
49.12
49.12
49.12
49.18
49.18
49.18
49.12
49.12
49.06
49.06
49.06
49
49.06
49.06
49.06
49.12
49.06
49.06
49.06
49.12
49.12
49.12
