44.93
44.93
45
45
45
45.06
45.06
45.06
45.06
45.06
45.06
45.06
45.06
45.06
45.06
45.06
45.06
45.06
45.06
45.06
45.12
45.12
45.12
45.18
45.18
45.18
45.25
45.25
45.31
45.31
45.37
45.43
45.43
45.5
45.56
45.56
45.62
45.62
45.62
45.68
45.68
45.75
45.81
45.81
45.87
45.87
45.87
45.87
45.87
45.87
45.87
45.81
45.87
45.87
45.87
45.93
45.87
45.93
45.93
45.93
45.93
45.93
45.87
45.93
45.93
46
46.06
46.12
46.12
46.18
46.18
46.18
46.25
46.25
46.25
46.25
46.25
46.25
46.25
46.25
46.25
46.31
46.31
46.31
46.37
46.37
46.43
46.43
46.5
46.5
46.56
46.56
46.56
46.56
46.56
46.56
46.56
46.56
46.56
46.5
46.5
46.5
46.5
46.5
46.56
46.62
46.68
46.75
46.75
46.75
46.75
46.81
46.81
46.81
46.81
46.81
46.81
46.81
46.81
46.81
46.87
46.87
46.87
46.87
46.87
46.87
46.87
46.87
46.87
46.87
46.87
46.81
46.81
46.81
46.75
46.75
46.75
46.75
46.68
46.68
46.68
46.68
46.68
46.68
46.68
46.68
46.68
46.68
46.68
46.68
46.68
46.75
46.81
46.87
46.93
46.93
46.93
46.93
46.93
46.93
46.93
46.87
46.93
46.87
46.87
46.93
46.93
46.93
46.93
46.93
46.93
46.87
46.87
46.87
46.81
46.81
46.81
46.81
46.81
46.75
46.75
46.68
46.68
46.68
46.68
46.68
46.68
46.68
46.68
46.75
46.75
46.81
46.81
46.87
46.87
46.87
46.87
46.87
46.87
46.93
47
47
47
47
47
47.06
47.12
47.12
47.18
47.18
47.18
47.12
47.12
47.12
47.12
47.12
47.12
47.18
47.12
47.12
47.12
47.06
47.06
47.06
47.06
47.06
47.06
47.06
47
47
47
47
47
46.93
47
47
47
47
47
47
46.93
46.93
46.93
46.93
46.93
46.87
46.93
46.93
46.93
46.93
46.93
46.93
46.93
47
47
47.06
47.06
47.06
47.06
47
47
47
47
47.06
47.12
47.12
47.18
47.18
47.18
47.18
47.18
47.18
47.18
47.18
47.18
47.18
47.18
47.18
47.12
47.18
47.12
47.12
47.12
47.12
47.12
47.06
47.06
47.06
47.06
47.06
47
47
47
47
47
47
47
47.06
47.06
47.12
47.12
47.18
47.18
47.18
47.18
47.18
47.18
47.18
47.25
47.25
47.25
47.31
47.31
47.37
47.37
47.31
47.31
47.25
47.25
47.18
47.18
47.12
47.12
47.12
47.06
47.12
47.12
47.12
47.12
47.12
47.12
47.18
47.18
47.18
47.25
47.25
47.25
47.25
47.25
47.25
47.18
47.18
47.18
47.18
47.12
47.12
47.12
47.12
47.12
47.18
47.18
47.25
47.25
47.25
47.31
47.31
47.31
47.31
47.31
