30.68
30.68
30.62
30.62
30.62
30.62
30.62
30.62
30.62
30.62
30.62
30.68
30.68
30.68
30.68
30.75
30.75
30.81
30.87
30.87
30.93
31
31.06
31.06
31.12
31.18
31.18
31.25
31.25
31.31
31.37
31.37
31.43
31.43
31.5
31.56
31.62
31.62
31.68
31.75
31.81
31.81
31.87
31.93
31.93
32
32
32.06
32.06
32.12
32.18
32.18
32.25
32.25
32.31
32.31
32.37
32.43
32.43
32.5
32.5
32.56
32.56
32.56
32.56
32.56
32.56
32.56
32.56
32.56
32.62
32.62
32.68
32.68
32.68
32.75
32.75
32.75
32.81
32.87
32.87
32.87
32.93
32.93
33
33
33
33
33.06
33.06
33.12
33.18
33.18
33.18
33.18
33.18
33.18
33.25
33.25
33.25
33.25
33.25
33.25
33.31
33.31
33.37
33.37
33.37
33.31
33.31
33.31
33.31
33.31
33.31
33.31
33.31
33.31
33.31
33.31
33.31
33.31
33.31
33.31
33.37
33.37
33.37
33.37
33.43
33.43
33.43
33.5
33.5
33.5
33.56
33.56
33.56
33.62
33.62
33.68
33.68
33.68
33.68
33.68
33.68
33.68
33.62
33.62
33.56
33.56
33.56
33.56
33.56
33.56
33.56
33.56
33.56
33.62
33.62
33.68
33.68
33.68
33.75
33.81
33.81
33.81
33.81
33.81
33.81
33.81
33.81
33.81
33.81
33.81
33.81
33.81
33.81
33.81
33.81
33.81
33.75
33.75
33.75
33.75
33.75
33.75
33.75
33.75
33.75
33.75
33.75
33.75
33.81
33.81
33.81
33.87
33.87
33.87
33.93
33.93
33.93
33.93
33.93
33.93
33.93
33.93
33.93
33.93
33.93
33.87
33.87
33.87
33.87
33.87
33.87
33.87
33.87
33.87
33.87
33.87
33.93
33.93
33.93
33.93
33.93
33.93
34
34
34
34
34
34
34
34
34
34
34
34.06
34.06
34.06
34.12
34.12
34.12
34.18
34.18
34.18
34.18
34.12
34.18
34.12
34.18
34.18
34.25
34.25
34.25
34.25
34.25
34.25
34.25
34.25
34.25
34.25
34.25
34.25
34.25
34.25
34.25
34.25
34.25
34.18
34.18
34.18
34.18
34.18
34.18
34.18
34.18
34.18
34.18
34.18
34.18
34.12
34.12
34.12
34.12
34.12
34.12
34.12
34.12
34.06
34.06
34.06
34.06
34.12
34.12
34.12
34.12
34.12
34.12
34.12
34.12
34.18
34.18
34.18
34.18
34.18
34.18
34.18
34.18
34.18
34.18
34.18
34.12
34.12
34.12
34.12
34.12
34.12
34.12
34.12
34.12
34.12
34.12
34.12
34.12
34.06
34.06
34.06
34.06
34
34
34
34
34
34
34
34
34
34
34.06
34.06
34.12
34.12
34.18
34.18
34.18
34.18
34.18
34.25
34.25
34.25
34.25
34.25
34.25
34.25
34.25
34.25
34.25
34.25
34.25
34.25
34.25
34.25
