42.43
42.43
42.43
42.43
42.37
42.37
42.37
42.37
42.43
42.43
42.5
42.5
42.5
42.5
42.5
42.5
42.5
42.56
42.56
42.62
42.68
42.68
42.75
42.81
42.87
42.87
42.93
42.93
43
43
43
43.06
43.12
43.18
43.18
43.25
43.31
43.37
43.37
43.37
43.37
43.37
43.37
43.31
43.31
43.31
43.31
43.31
43.37
43.37
43.37
43.37
43.37
43.43
43.43
43.5
43.5
43.5
43.5
43.5
43.56
43.56
43.56
43.56
43.62
43.62
43.62
43.68
43.68
43.68
43.68
43.68
43.75
43.75
43.75
43.81
43.81
43.87
43.87
43.81
43.81
43.81
43.81
43.81
43.81
43.81
43.81
43.87
43.87
43.87
43.93
43.93
44
44
44
44
44.06
44.06
44.06
44.06
44.06
44.06
44
44
43.93
43.93
43.93
43.93
43.93
43.93
44
44
44
44
44.06
44.06
44.12
44.18
44.18
44.25
44.25
44.25
44.25
44.25
44.31
44.31
44.31
44.31
44.31
44.37
44.37
44.37
44.37
44.37
44.37
44.37
44.37
44.37
44.37
44.37
44.37
44.43
44.43
44.43
44.43
44.43
44.43
44.43
44.43
44.43
44.5
44.5
44.43
44.43
44.5
44.5
44.5
44.5
44.56
44.56
44.5
44.5
44.5
44.43
44.43
44.43
44.37
44.37
44.37
44.37
44.37
44.37
44.37
44.37
44.43
44.43
44.5
44.5
44.56
44.56
44.56
44.56
44.62
44.62
44.62
44.62
44.62
44.68
44.68
44.68
44.68
44.68
44.68
44.68
44.68
44.68
44.68
44.68
44.68
44.68
44.68
44.68
44.68
44.68
44.62
44.62
44.56
44.56
44.56
44.5
44.5
44.5
44.43
44.43
44.43
44.43
44.5
44.5
44.56
44.56
44.56
44.56
44.56
44.5
44.56
44.5
44.5
44.5
44.43
44.43
44.37
44.43
44.37
44.37
44.43
44.43
44.43
44.5
44.5
44.56
44.56
44.62
44.68
44.68
44.75
44.75
44.75
44.75
44.81
44.81
44.81
44.81
44.81
44.81
44.81
44.81
44.81
44.75
44.75
44.75
44.75
44.68
44.68
44.68
44.68
44.68
44.68
44.68
44.68
44.68
44.68
44.68
44.68
44.68
44.68
44.68
44.68
44.68
44.62
44.62
44.62
44.56
44.56
44.56
44.56
44.56
44.56
44.56
44.56
44.56
44.62
44.56
44.62
44.62
44.62
44.62
44.68
44.68
44.68
44.68
44.68
44.68
44.68
44.68
44.68
44.68
44.68
44.68
44.68
44.68
44.68
44.75
44.75
44.75
44.81
44.81
44.87
44.87
44.87
44.87
44.87
44.87
44.93
44.93
44.93
44.93
44.93
44.93
44.93
44.93
44.93
44.93
44.93
44.87
44.87
44.81
44.87
44.87
44.87
44.93
45
45.06
45.06
45.12
45.18
45.18
45.18
45.18
45.18
45.18
45.18
45.18
45.18
45.12
45.12
45.06
45.06
45
44.93
44.93
44.87
44.87
44.87
44.87
44.93
44.93
44.93
44.93
44.93
44.93
45
44.93
44.93
44.93
44.93
44.93
44.93
45
45
45
45
45.06
45.06
45.06
45.06
45.06
45.06
45.06
45.06
45.06
45.06
45
45
45
