32.12
32.12
32.12
32.18
32.18
32.18
32.18
32.18
32.18
32.18
32.25
32.25
32.25
32.31
32.31
32.31
32.37
32.37
32.37
32.43
32.43
32.43
32.5
32.5
32.56
32.5
32.56
32.56
32.56
32.62
32.62
32.62
32.62
32.62
32.62
32.62
32.62
32.62
32.62
32.68
32.68
32.68
32.68
32.68
32.75
32.75
32.75
32.81
32.81
32.87
32.87
32.93
32.93
33
33
33.06
33.06
33.06
33.06
33.06
33.06
33.06
33.06
33.06
33.06
33.06
33.06
33.06
33.12
33.06
33.12
33.12
33.12
33.12
33.12
33.12
33.12
33.12
33.12
33.12
33.12
33.12
33.12
33.18
33.25
33.25
33.25
33.31
33.31
33.31
33.31
33.31
33.31
33.31
33.31
33.31
33.31
33.31
33.31
33.31
33.25
33.25
33.25
33.25
33.25
33.25
33.25
33.25
33.31
33.31
33.31
33.37
33.37
33.37
33.37
33.37
33.43
33.43
33.43
33.43
33.43
33.43
33.43
33.43
33.43
33.43
33.43
33.43
33.37
33.37
33.37
33.37
33.37
33.37
33.43
33.43
33.43
33.43
33.43
33.43
33.43
33.43
33.43
33.43
33.43
33.43
33.43
33.5
33.5
33.5
33.5
33.5
33.5
33.5
33.5
33.5
33.5
33.5
33.5
33.5
33.5
33.5
33.5
33.5
33.5
33.5
33.5
33.5
33.5
33.56
33.56
33.62
33.62
33.62
33.68
33.68
33.68
33.68
33.68
33.62
33.62
33.62
33.62
33.56
33.56
33.56
33.56
33.56
33.56
33.62
33.62
33.62
33.68
33.68
33.68
33.68
33.68
33.68
33.68
33.68
33.62
33.62
33.62
33.62
33.62
33.62
33.62
33.68
33.68
33.68
33.68
33.68
33.75
33.75
33.81
33.81
33.81
33.81
33.81
33.75
33.75
33.75
33.68
33.68
33.68
33.68
33.68
33.62
33.62
33.62
33.62
33.62
33.62
33.62
33.62
33.62
33.62
33.62
33.62
33.62
33.62
33.56
33.56
33.56
33.56
33.56
33.56
33.62
33.62
33.68
33.68
33.68
33.68
33.68
33.68
33.68
33.68
33.62
33.62
33.62
33.68
33.68
33.68
33.68
33.68
33.68
33.68
33.68
33.68
33.62
33.68
33.68
33.68
33.68
33.68
33.68
33.62
33.62
33.62
33.62
33.68
33.68
33.68
33.68
33.68
33.68
33.68
33.68
33.75
33.75
33.75
33.75
33.75
33.75
33.75
33.75
33.75
33.75
33.75
33.68
33.68
33.68
33.68
33.75
33.75
33.81
33.81
33.81
33.81
33.81
33.81
33.81
33.81
33.81
33.81
33.81
33.81
33.81
33.81
33.75
33.75
33.75
33.75
33.75
33.75
33.75
33.75
33.75
33.75
33.75
33.75
33.75
33.75
33.75
33.75
33.75
33.75
33.75
33.75
33.75
33.75
33.75
33.75
33.81
33.75
33.81
33.81
33.75
33.75
33.75
33.75
33.75
33.75
33.75
