31.56
31.56
31.56
31.56
31.56
31.62
31.62
31.62
31.68
31.68
31.68
31.68
31.68
31.68
31.68
31.68
31.68
31.62
31.62
31.62
31.56
31.56
31.56
31.5
31.5
31.43
31.43
31.37
31.37
31.37
31.37
31.37
31.31
31.31
31.31
31.25
31.25
31.25
31.25
31.18
31.18
31.18
31.12
31.12
31.12
31.12
31.12
31.06
31.06
31.06
31
31
31
31
30.93
30.93
30.93
30.87
30.87
30.81
30.81
30.75
30.75
30.68
30.68
30.62
30.62
30.62
30.62
30.56
30.56
30.56
30.5
30.5
30.5
30.43
30.43
30.37
30.37
30.37
30.37
30.31
30.31
30.31
30.25
30.31
30.25
30.25
30.25
30.25
30.25
30.25
30.25
30.25
30.18
30.18
30.18
30.18
30.12
30.12
30.12
30.06
30.06
30.06
30.06
30.06
30.06
30
30
30
30
30
30
30
29.93
29.93
29.93
29.93
29.93
29.87
29.87
29.87
29.87
29.87
29.87
29.81
29.81
29.81
29.87
29.87
29.87
29.87
29.87
29.87
29.87
29.87
29.87
29.87
29.87
29.87
29.87
29.81
29.81
29.81
29.81
29.81
29.81
29.81
29.81
29.81
29.81
29.81
29.81
29.75
29.75
29.75
29.75
29.75
29.75
29.75
29.75
29.75
29.75
29.75
29.75
29.75
29.75
29.75
29.75
29.68
29.68
29.68
29.62
29.62
29.62
29.62
29.62
29.62
29.62
29.62
29.62
29.62
29.62
29.62
29.62
29.62
29.68
29.68
29.68
29.68
29.68
29.68
29.68
29.68
29.68
29.68
29.68
29.68
29.68
29.75
29.68
29.75
29.68
29.68
29.68
29.68
29.68
29.68
29.68
29.68
29.68
29.68
29.62
29.62
29.62
29.62
29.62
29.62
29.56
29.56
29.56
29.56
29.56
29.56
29.5
29.56
29.5
29.5
29.5
29.5
29.5
29.5
29.5
29.5
29.5
29.5
29.5
29.5
29.5
29.56
29.56
29.56
29.56
29.56
29.56
29.56
29.56
29.56
29.56
29.56
29.56
29.56
29.62
29.62
29.62
29.62
29.68
29.68
29.68
29.68
29.68
29.62
29.68
29.62
29.62
29.62
29.62
29.62
29.62
29.62
29.62
29.62
29.62
29.62
29.62
29.62
29.62
29.62
29.62
29.62
29.62
29.62
29.62
29.62
29.62
29.62
29.62
29.62
29.62
29.56
29.56
29.56
29.56
29.56
29.56
29.56
29.56
29.56
29.56
29.56
29.56
29.56
29.56
29.56
29.56
29.56
29.56
29.62
29.62
29.62
29.62
29.62
29.62
29.62
29.68
29.68
29.62
29.62
29.62
29.68
29.68
29.68
29.68
29.68
29.62
29.62
29.62
29.62
29.62
29.62
29.62
29.62
29.62
29.62
29.56
29.56
29.56
29.56
29.5
29.5
29.5
29.5
29.5
29.5
29.56
29.56
29.56
29.56
29.56
29.62
29.62
29.62
29.62
29.62
29.62
29.62
29.62
29.62
29.62
29.62
29.62
29.62
29.62
29.62
29.62
