32
32
32
32
31.93
31.93
31.93
31.87
31.87
31.87
31.87
31.81
31.87
31.87
31.87
31.87
31.93
32
32.06
32.12
32.18
32.25
32.31
32.37
32.43
32.56
32.62
32.75
32.81
32.93
33
33.12
33.18
33.31
33.37
33.43
33.5
33.62
33.68
33.75
33.81
33.87
33.93
34
34.06
34.12
34.12
34.18
34.25
34.31
34.31
34.37
34.43
34.5
34.5
34.56
34.62
34.68
34.68
34.75
34.81
34.87
34.93
35
35
35
35.06
35.06
35.06
35.06
35
35
35
35.06
35.06
35.06
35.06
35.06
35.06
35.06
35.06
35.06
35.06
35
35
35
35
34.93
34.93
34.87
34.87
34.81
34.81
34.81
34.81
34.75
34.75
34.68
34.68
34.62
34.62
34.62
34.62
34.62
34.62
34.62
34.62
34.62
34.56
34.56
34.56
34.56
34.56
34.56
34.56
34.56
34.56
34.56
34.62
34.62
34.62
34.56
34.62
34.62
34.62
34.62
34.62
34.62
34.56
34.56
34.56
34.56
34.56
34.56
34.56
34.56
34.56
34.5
34.5
34.43
34.43
34.43
34.43
34.43
34.43
34.43
34.43
34.43
34.5
34.5
34.56
34.62
34.62
34.68
34.62
34.68
34.68
34.68
34.75
34.75
34.75
34.81
34.81
34.87
34.87
34.93
35
35
35
35.06
35.06
35.12
35.12
35.12
35.12
35.12
35.12
35.12
35.12
35.12
35.06
35.06
35.06
35.06
35.06
35.06
35.06
35.06
35.06
35.06
35.12
35.12
35.12
35.12
35.12
35.12
35.12
35.12
35.12
35.12
35.12
35.12
35.12
35.12
35.12
35.12
35.12
35.18
35.18
35.25
35.25
35.25
35.25
35.25
35.25
35.25
35.31
35.31
35.31
35.25
35.25
35.25
35.18
