30.495
34.627
38.403
41.829
44.913
47.664
50.093
52.212
54.037
55.58
56.95
58.06
58.927
59.567
59.994
60.223
60.294
60.218
59.935
59.462
58.926
58.261
57.458
56.567
55.612
54.614
53.579
52.564
51.487
50.439
49.356
48.341
47.403
46.444
45.567
44.778
43.997
43.321
42.746
42.277
41.906
41.62
41.39
41.22
41.103
41.025
40.958
40.887
40.897
40.886
40.847
40.867
40.938
40.946
40.997
41.085
41.201
41.343
41.391
41.446
41.505
41.57
41.553
41.556
41.579
41.624
41.673
41.737
41.818
41.924
42.04
42.17
42.301
42.441
42.577
42.696
42.809
42.923
43.046
43.165
43.199
43.344
43.415
43.493
43.584
43.695
43.721
43.78
43.851
43.938
44.045
44.154
44.248
44.333
44.303
44.264
44.225
44.169
44.018
43.854
43.577
41.687
39.804
37.93
36.085
34.271
32.489
30.638
28.84
27.004
25.139
23.371
21.634
20.022
18.425
16.885
15.604
14.47
13.48
12.621
11.997
11.487
11.099
10.925
10.921
11.081
11.405
12.06
12.814
13.639
14.551
15.501
16.67
17.842
19.017
20.351
21.712
23.107
24.489
25.847
27.188
28.475
29.688
30.819
31.774
32.659
33.447
33.95
34.376
34.643
34.831
34.856
36.456
37.908
39.209
40.457
41.563
42.648
43.507
44.266
44.939
45.54
46.101
46.617
47.008
47.388
47.676
47.897
48.26
48.567
48.769
48.967
49.091
49.362
49.477
49.559
49.583
49.578
49.534
49.383
49.333
49.246
49.223
49.086
49.028
49.03
48.889
48.805
48.591
48.374
48.265
48.039
47.809
47.663
47.385
47.083
46.858
46.604
46.436
46.213
45.846
45.525
45.15
44.627
44.137
43.507
42.767
42.03
41.204
40.513
39.771
39.097
38.596
38.014
37.494
37.037
36.632
36.468
36.199
35.962
35.846
35.832
35.931
36.113
36.249
36.54
36.958
37.393
37.835
38.063
38.41
38.636
38.861
39.193
39.492
39.748
39.982
40.21
40.408
40.697
40.861
41.09
41.29
41.559
41.791
42.073
42.303
42.402
42.568
42.6
42.73
42.862
42.915
42.887
42.909
42.887
42.918
43.004
43.119
43.253
43.411
43.596
43.712
43.756
43.875
44.061
44.194
44.368
44.589
44.842
45.101
45.264
45.52
45.633
45.832
46.002
45.955
45.811
45.665
45.328
45.009
44.601
44.223
43.879
43.466
43.006
42.586
42.097
41.653
41.242
40.746
40.28
39.739
39.147
38.632
38.192
37.725
37.405
37.133
36.916
41.333
45.35
49.081
52.524
55.47
58.15
60.573
62.754
64.697
66.435
68.182
69.703
71.004
71.988
72.88
