28.317
28.418
28.099
30.014
31.748
33.307
34.695
35.918
36.983
37.898
38.67
39.206
39.625
39.935
40.143
40.156
40.093
39.961
39.778
39.449
39.099
38.613
38.133
37.569
37.028
36.421
35.862
35.256
34.716
34.138
33.649
33.144
32.631
32.113
31.707
31.274
30.939
30.605
30.272
30.039
29.807
29.675
29.513
29.436
29.334
29.304
29.336
29.42
29.544
29.588
29.654
29.738
29.732
29.741
29.762
29.793
29.712
29.764
29.817
29.872
29.916
29.95
29.86
29.773
29.695
29.525
29.376
29.249
29.135
29.139
29.156
29.187
29.225
29.391
29.548
29.703
29.846
29.973
30.088
30.296
30.492
30.667
30.829
30.981
31.124
31.354
31.463
31.667
31.854
32.031
32.185
32.322
32.443
32.642
32.802
32.93
33.019
33.077
33.111
33.114
33.096
33.05
32.974
32.878
32.758
32.612
32.452
32.278
32.09
31.889
31.577
31.164
30.664
30.197
29.778
29.404
28.956
28.571
28.246
27.987
27.79
27.65
27.572
27.55
27.59
27.684
27.822
28.123
28.462
28.825
29.215
29.72
30.231
30.735
31.232
31.62
31.995
32.346
32.775
33.174
33.534
33.858
34.139
34.379
34.677
34.915
34.991
35.025
35.012
34.955
34.853
34.708
34.523
34.301
34.047
33.767
33.469
33.155
32.836
32.418
32.012
31.624
31.259
30.804
30.389
30.019
29.696
29.321
29.005
28.751
28.656
28.61
28.62
28.68
28.792
28.949
29.271
29.619
29.971
30.432
30.884
31.319
31.83
32.305
32.736
33.23
33.675
34.065
34.399
34.673
34.901
35.081
35.222
35.322
35.28
35.205
35.1
34.865
34.61
34.34
34.061
33.873
33.672
33.45
33.216
32.977
32.727
32.475
32.126
31.8
31.5
31.133
30.823
30.571
30.376
30.223
30.125
30.077
30.078
30.001
29.975
29.989
30.038
30.115
30.112
30.136
30.177
30.227
30.384
30.533
30.67
30.792
30.904
31.002
31.095
31.295
31.469
31.615
31.745
31.856
31.945
32.025
32.096
32.153
32.198
32.112
32.024
31.933
31.839
31.743
31.765
31.778
31.786
31.804
31.832
31.973
32.031
32.212
32.305
32.417
32.538
32.666
32.802
32.943
33.092
33.244
33.412
33.593
33.872
34.138
34.388
34.618
34.822
34.998
35.14
35.237
35.295
35.318
35.206
35.063
34.893
34.697
34.359
34.009
33.648
33.28
32.904
32.529
32.154
31.783
31.32
30.877
30.457
30.062
29.697
29.364
29.079
28.845
28.559
28.323
28.035
27.805

