28.636
31.041
33.22
35.177
36.921
38.457
39.795
40.943
41.913
42.713
43.355
43.848
44.204
44.314
44.316
44.221
44.053
43.718
43.346
42.941
42.419
41.904
41.295
40.596
39.845
39.158
38.439
37.817
37.291
36.756
36.205
35.658
35.235
34.811
34.391
33.975
33.578
33.301
33.046
32.806
32.562
32.426
32.284
32.131
31.965
31.765
31.546
31.289
30.996
30.65
30.27
31.611
31.011
30.489
29.921
29.328
28.714
28.185
27.622
27.131
26.711
26.356
26.068
25.844
25.564
25.351
25.089
24.899
24.767
24.6
24.484
24.425
24.405
24.418
24.457
24.507
24.468
24.451
24.468
24.491
24.525
24.573
24.633
24.7
24.756
24.817
24.772
24.638
24.514
24.309
24.124
23.948
23.669
23.399
23.129
22.751
22.394
21.949
21.525
21.124
20.637
20.18
19.645
19.134
18.658
18.094
17.682
17.17
16.686
16.218
15.775
15.369
15.013
14.701
14.432
14.21
14.031
13.894
13.803
13.75
13.74
13.755
13.934
14.128
14.34
14.562
14.799
15.152
15.511
15.864
16.209
16.543
16.965
17.469
17.922
18.439
18.901
19.413
19.958
20.424
20.915
21.451
21.889
22.328
22.668
23.015
23.27
23.435
23.606
23.691
23.681
23.584
23.417
23.181
22.886
22.549
22.169
21.758
21.326
20.782
20.242
19.717
19.119
18.565
17.95
17.389
16.894
16.338
15.86
15.449
15.118
14.869
14.699
14.611
14.597
14.762
14.963
15.202
15.458
15.614
15.777
15.946
16.103
16.264
16.419
16.549
16.653
16.85
17.025
17.165
17.288
17.378
17.443
17.472
17.563
17.611
17.624
17.595
17.528
17.528
17.489
17.402
17.376
17.307
17.189
17.03
16.957
16.85
16.718
16.568
16.424
16.289
16.163
16.031
15.911
15.802
15.805
15.806
15.807
15.805
15.798
15.794
15.779
15.762
15.729
15.788
15.823
15.823
15.806
15.762
15.707
15.74
15.762
15.77
15.774
15.76
15.741
15.716
15.684
15.787
15.88
15.969
16.145
16.298
16.428
16.638
16.816
16.968
17.096
17.204
17.294
17.487
17.666
17.962
18.256
18.541
18.825
19.209
19.568
19.905
20.221
20.527
20.809
20.969
21.118
21.276
21.414
21.535
21.64
21.729
21.801
21.858
21.995
22.093
22.163
22.2
22.206
22.182
22.029
21.856
21.667
21.471
21.259
21.044
20.813
20.568
20.309
20.046
19.772
19.49
19.212
18.811
18.422
18.052
17.715
17.412
17.148
16.908
16.695
16.512
