32.56
32.56
32.56
32.5
32.5
32.5
32.5
32.5
32.43
32.43
32.43
32.43
32.5
32.5
32.5
32.56
32.56
32.62
32.62
32.68
32.75
32.81
32.87
32.93
33.06
33.12
33.18
33.25
33.31
33.37
33.43
33.5
33.56
33.62
33.68
33.75
33.81
33.81
33.87
33.93
34
34.06
34.12
34.12
34.18
34.18
34.25
34.31
34.37
34.37
34.43
34.43
34.5
34.56
34.62
34.62
34.62
34.68
34.68
34.68
34.75
34.75
34.75
34.81
34.81
34.81
34.87
34.93
34.93
34.93
34.93
34.93
35
35
35.06
35.06
35.06
35.06
35.06
35.06
35.06
35.06
35.06
35
35
35
35
35
35
34.93
34.93
34.93
34.93
34.93
34.93
34.93
34.93
35
35
35
35
35
35
35
35
35
34.93
34.93
34.87
34.87
34.81
34.81
34.81
34.75
34.75
34.81
34.81
34.81
34.87
34.87
34.87
34.81
34.81
34.81
34.81
34.81
34.81
34.75
34.75
34.75
34.75
34.68
34.68
34.68
34.62
34.62
34.56
34.56
34.56
34.5
34.5
34.5
34.5
34.5
34.5
34.5
34.5
34.5
34.5
34.56
34.56
34.56
34.56
34.56
34.56
34.56
34.56
34.62
34.62
34.62
34.68
34.68
34.75
34.75
34.81
34.81
34.87
34.87
34.87
34.87
34.87
34.87
34.93
34.93
34.93
34.93
34.93
34.93
34.93
34.93
34.93
34.93
34.93
34.93
34.93
34.93
34.93
34.93
34.93
34.93
34.93
34.93
34.93
34.93
34.93
34.93
34.93
34.93
34.93
34.93
34.93
34.93
35
35
35
35
35
35
35
35
35
35
35
35
35
35
35
35
35
35
35
34.93
34.93
34.93
34.93
34.93
34.93
34.93
34.93
34.87
34.87
34.87
34.87
34.87
34.87
34.87
34.87
34.93
34.93
34.93
35
35
35
35
35
35
34.93
34.87
34.87
34.81
34.81
34.75
34.75
34.75
34.75
34.75
34.75
34.68
34.68
34.75
34.68
34.75
34.75
34.75
34.75
34.75
34.68
34.68
34.75
34.75
34.75
34.75
34.75
34.75
34.75
34.75
34.81
34.81
34.81
34.81
34.81
34.87
34.87
34.87
34.87
34.93
35
35
35.06
35.06
35.12
35.12
35.18
35.25
35.25
35.25
35.31
35.31
35.31
35.37
35.37
35.37
35.43
35.43
35.43
35.37
35.37
35.37
35.31
35.31
35.25
35.25
35.18
35.18
35.18
35.18
35.25
35.31
35.31
35.37
35.43
35.5
35.56
35.68
35.75
35.81
35.87
36
36.06
36.18
36.31
36.43
36.56
36.68
36.75
36.87
36.93
37.06
37.18
37.31
37.37
37.5
37.56
37.62
37.62
37.68
37.68
37.68
37.75
37.75
37.75
37.75
37.81
37.81
37.81
37.81
37.81
37.87
37.81
37.81
37.81
37.81
37.81
37.81
37.81
37.75
37.81
37.81
37.81
37.81
37.81
37.81
37.81
37.81
37.81
37.81
37.81
37.81
37.81
37.87
37.87
37.87
37.87
37.87
37.81
37.81
37.81
37.87
37.81
37.81
37.81
37.81
37.81
37.81
37.81
37.81
37.81
37.81
37.81
37.81
37.81
37.81
37.81
37.81
37.81
37.81
37.81
37.87
37.87
37.93
38
38
38.06
38.12
38.12
38.18
38.25
38.31
38.31
38.37
38.37
38.43
38.43
38.5
38.5
38.43
38.43
38.43
38.37
38.37
38.37
38.31
38.25
38.25
38.25
38.18
38.18
38.12
38.12
38.06
38.06
38
37.93
37.93
37.87
37.81
37.75
37.75
37.68
37.68
37.68
37.62
37.62
37.62
37.62
37.62
37.68
37.68
37.68
37.75
37.75
37.81
37.87
37.87
37.87
37.87
37.93
38
38.06
38.06
38.06
38.12
38.12
38.12
38.12
38.12
38.12
38.12
38.12
38.12
38.12
38.12
38.06
38.06
38.06
38
38
38.06
38.06
38.12
38.12
38.12
38.06
38.12
38.06
38.06
38.06
38.06
38.06
38
38
38
38
38
38
37.93
37.93
37.93
37.93
37.93
38
38
38
38
38
38
38
38
38
38
38
38
38
38.06
38.06
38.06
38.06
38.12
38.12
38.18
38.18
38.18
38.18
38.25
38.25
38.18
38.18
38.12
38.12
38.06
38
38
37.93
37.93
37.87
37.87
37.87
37.87
37.87
37.87
37.87
37.81
37.81
37.81
37.87
37.87
37.87
37.87
37.87
37.87
37.87
37.87
37.87
37.87
37.87
37.87
37.87
37.87
37.87
37.87
37.87
37.87
37.87
37.93
37.93
37.93
37.93
37.93
38
38
38
38
38.06
38.06
38.06
38.06
38.12
38.12
38.12
38.06
38.06
38.06
38.06
38.06
38.06
38.06
38.06
38.06
38.12
38.12
38.18
