32.06
32.06
32.06
32.06
32.06
32.06
32.06
32.06
32.06
32.06
32
32
32
32
32
32
32
32
32.06
32.12
32.12
32.18
32.25
32.31
32.37
32.43
32.5
32.56
32.68
32.75
32.87
32.93
33
33.12
33.18
33.25
33.37
33.43
33.5
33.56
33.62
33.68
33.75
33.81
33.87
33.93
34
34.06
34.06
34.12
34.18
34.18
34.18
34.25
34.25
34.25
34.25
34.25
34.31
34.31
34.31
34.31
34.37
34.37
34.37
34.37
34.37
34.37
34.37
34.37
34.37
34.37
34.37
34.37
34.37
34.37
34.37
34.37
34.37
34.37
34.43
34.37
34.43
34.43
34.43
34.43
34.5
34.5
34.5
34.5
34.5
34.5
34.5
34.5
34.56
34.56
34.56
34.56
34.62
34.62
34.68
34.68
34.68
34.68
34.68
34.68
34.68
34.75
34.75
34.81
34.87
34.87
34.93
34.93
35
35.06
35.06
35.06
35.12
35.12
35.12
35.18
35.18
35.18
35.18
35.18
35.18
35.12
35.12
35.12
35.12
35.12
35.06
35
35
34.93
34.87
34.81
34.81
34.75
34.68
34.62
34.56
34.5
34.5
34.43
34.37
34.37
34.31
34.31
34.25
34.25
34.18
34.18
34.18
34.12
34.12
34.06
34.06
34.06
34.06
34.06
34.06
34.06
34.12
34.12
34.12
34.12
34.06
34.06
34.12
34.12
34.12
34.12
34.18
34.18
34.25
34.31
34.31
34.37
34.37
34.43
34.43
34.43
34.5
34.5
34.56
34.56
34.62
34.62
34.62
34.68
34.68
34.68
34.75
34.81
34.81
34.81
34.87
34.87
34.93
34.93
34.93
35
35
35.06
35.12
35.12
35.18
35.18
35.25
35.31
35.31
35.37
35.37
35.43
35.43
35.43
35.5
35.5
35.5
35.5
35.5
35.5
35.5
35.5
35.5
35.43
35.43
35.5
35.5
35.5
35.5
35.43
35.43
35.37
35.37
35.37
35.31
35.31
35.31
35.25
35.25
35.18
35.12
35.12
35.06
35.06
35
35
34.93
34.93
34.93
35
35
35
35
35
35
35
35
35
35
35
35
35
35
35
34.93
34.93
35
35
35
35
35
35
35
35.06
35.06
35.12
35.12
35.12
35.12
35.12
35.12
35.18
35.18
35.18
35.18
35.18
35.25
35.25
35.25
35.31
35.31
35.31
35.31
35.25
35.25
35.25
35.25
35.25
35.25
35.25
35.31
35.31
35.31
35.31
35.31
35.31
35.25
35.25
35.25
35.25
35.25
