33.62
33.56
33.75
33.75
33.75
33.75
33.75
33.75
33.75
33.75
33.75
33.81
33.81
33.81
33.81
33.87
33.87
33.87
33.87
33.93
33.93
34
34
34.06
34.06
34.12
34.12
34.18
34.18
34.25
34.25
34.31
34.37
34.43
34.43
34.5
34.5
34.56
34.62
34.62
34.68
34.68
34.75
34.75
34.81
34.81
34.81
34.81
34.81
34.87
34.87
34.87
34.93
34.93
34.93
34.93
35
34.93
34.93
34.93
34.93
34.93
35
35
35
35.06
35.06
35.06
35.06
35
35
35
35
34.93
34.93
34.93
34.93
34.93
34.93
34.87
34.87
34.87
34.87
34.87
34.87
34.81
34.87
34.81
34.81
34.81
34.81
34.81
34.81
34.75
34.75
34.75
34.75
34.75
34.75
34.75
34.75
34.75
34.75
34.75
34.75
34.75
34.75
34.75
34.75
34.75
34.81
34.87
34.93
34.93
34.93
34.93
35
35
35
35
35
35
35
35
35
35
35
34.93
34.93
34.93
34.93
34.87
34.87
34.87
34.87
34.93
34.93
34.93
34.87
34.87
34.87
34.87
34.87
34.87
34.81
34.81
34.87
34.87
34.87
34.87
34.87
34.87
34.87
34.87
34.87
34.87
34.87
34.87
34.87
34.93
34.93
34.93
34.93
35
35
35
35
35.06
35.06
35.06
35
35
35
35
35
35
34.93
34.93
34.93
34.87
34.87
34.87
34.81
34.81
34.81
34.75
34.75
34.75
34.75
34.75
34.75
34.75
34.75
34.75
34.81
34.81
34.81
34.87
34.87
34.87
34.87
34.81
34.81
34.81
34.81
34.81
34.81
34.81
34.87
34.87
34.87
34.93
34.93
34.93
34.93
34.93
34.93
34.93
34.93
35
35
35
35
35
35.06
35.06
35.06
35.06
35
35
35
35
35
35
35
34.93
34.93
34.93
34.93
34.93
34.93
34.93
34.93
34.93
34.93
35
35
35
35
35
34.93
34.93
34.93
34.93
34.93
34.87
34.93
34.87
34.93
34.93
34.93
34.93
34.93
34.93
34.93
34.93
34.93
34.93
34.87
34.87
34.87
34.87
34.87
34.87
34.87
34.87
34.87
34.87
34.93
34.93
34.93
34.93
35
35
35
35
35
35
35
35
35.06
35.06
35.06
35.06
35.06
35.06
35.06
35.06
35.12
35.12
35.18
35.18
35.18
