31.41
36.366
40.751
44.589
47.907
50.859
53.207
55.123
56.766
58.027
58.938
59.402
59.591
59.533
59.255
58.657
57.943
56.982
55.86
54.596
53.245
51.979
50.638
49.162
47.721
46.19
44.752
43.31
42.029
40.904
39.934
39.088
38.415
37.86
37.27
36.831
36.522
36.33
36.115
36.142
36.251
36.413
36.73
37.02
37.294
37.662
37.966
38.161
38.374
38.596
38.664
38.734
38.798
38.86
38.915
38.959
38.993
38.898
38.778
38.642
38.5
38.359
38.234
38.133
38.063
37.905
37.769
37.549
37.393
37.164
36.997
36.901
36.845
36.845
36.873
36.904
36.952
37.03
37.293
37.548
37.813
38.1
38.534
38.945
39.341
39.734
40.252
40.754
41.331
41.855
42.336
42.746
43.059
43.29
43.424
43.479
43.472
43.387
43.255
42.931
42.544
41.993
41.41
40.663
39.927
39.194
38.465
37.59
36.738
35.786
34.881
34.06
33.363
32.786
32.319
31.989
31.785
31.604
31.563
31.641
31.856
32.182
32.638
33.192
33.817
34.523
35.314
36.153
37.04
37.939
38.73
39.643
40.537
41.286
41.989
42.613
43.168
43.667
44.085
44.558
44.929
45.22
45.413
45.496
45.589
45.452
45.229
44.792
44.28
43.703
43.068
42.235
41.376
40.376
39.39
38.429
37.504
36.629
35.816
35.075
34.412
33.706
33.104
32.608
32.098
31.715
31.313
31.053
30.8
30.686
30.732
30.791
31.009
31.236
31.615
32.115
32.518
32.996
33.394
33.82
34.123
34.42
34.569
34.726
34.87
34.834
34.77
34.661
34.417
34.159
33.916
33.672
33.289
32.901
32.501
32.089
31.534
30.976
30.422
29.728
29.062
28.27
27.501
26.765
25.91
25.087
24.312
23.6
22.833
22.166
21.641
21.107
20.715
20.414
20.234
20.163
20.185
20.283
20.592
20.941
21.434
22.045
22.748
23.395
24.119
24.874
25.643
26.286
26.924
27.562
28.204
28.828
29.457
30.092
30.698
31.136
31.574
31.871
32.165
32.36
32.607
32.749
32.921
33.118
33.34
33.607
33.897
34.211
34.703
35.21
35.74
36.335
37.018
37.756
38.454
39.234
39.961
40.635
41.221
41.733
42.308
42.811
43.242
43.605
43.938
44.236
44.461
44.616
44.708
44.886
44.846
44.898
44.739
44.493
44.206
43.755
43.286
42.67
42.056
41.317
40.604
39.77
38.984
38.125
37.334
36.62
35.847
35.161
34.554
33.897
33.327
32.842
32.299
31.861
31.436
31.157
31.021
30.847
30.775
30.798
37.357
43.314
48.688
53.635
58.001
61.814
65.106
67.908
70.251
72.201
73.928
75.145
76.03
76.6
76.879
76.882
76.679
76.147
75.312
74.197
72.849
71.337
69.679
67.927
66.009
64.116
62.308
60.496
58.873
57.427
56.011
54.768
53.545
52.452
51.363
50.428
49.526
48.787
48.086
47.426
46.777
46.146
45.508
44.993
44.443
44.035
43.741
43.498
43.268
43.072
42.894
42.764
42.649
42.567
42.634
42.829
43.129
43.516
43.935
44.371
44.691
45.026
45.334
45.661
46.095
46.503
46.851
47.205
47.688
48.167
48.75
49.409
49.975
50.555
51.027
51.376
51.622
51.798
51.916
51.961
52.007
52.069
52.123
52.269
52.265
52.275
52.185
52.142
51.991
51.741
51.6
51.404
51.088
50.808
50.406
50.04
49.728
49.434
49.18
49.065
48.958
48.864
48.754
48.73
48.674
48.444
48.172
47.849
47.477
47.05
46.574
46.093
45.776
45.477
45.188
44.945
44.736
44.595
44.503
44.452
44.475
44.685
44.976
45.33
45.725
46.186
46.734
47.338
48.011
48.72
49.36
50.031
50.743
51.501
52.256
52.976
53.674
54.36
55.005
55.626
56.19
56.719
57.309
57.795
58.03
58.177
58.221
58.02
57.714
57.303
56.784
56.037
55.209
54.309
53.203
52.065
50.903
49.61
48.342
46.986
45.69
44.343
42.948
41.684
40.431
39.345
38.304
37.325
36.55
35.826
35.223
34.728
34.502
34.384
34.522
34.87
35.205
35.703
36.324
37.036
37.813
38.629
39.458
40.326
41.083
41.845
42.464
43.053
43.52
43.973
44.286
44.593
44.744
44.736
44.697
44.62
44.496
44.315
44.083
43.672
43.223
42.826
42.351
41.814
41.298
40.69
40.007
39.272
38.5
37.582
36.854
36.169
35.534
34.9
34.32
33.67
33.087
32.696
32.357
32.2
32.08
31.992
31.927
31.888
31.867
32.001
32.253
32.603
32.911
33.447
33.94
34.505
35.161
35.758
36.411
37.124
37.896
38.705
39.535
40.441
41.381
42.458
43.544
44.601
45.618
46.742
47.804
48.794
49.712
50.581
51.503
52.254
52.971
53.68
54.4
55.12
55.706
56.299
56.733
57.028
57.353
57.569
57.688
57.73
57.756
57.63
57.467
57.164
56.736
56.329
55.824
55.207
54.511
53.838
53.104
52.443
51.718
50.92
50.086
49.349
48.576
47.904
47.193
46.57
45.877
45.144
44.496
43.925
43.291
42.599
41.99
41.456
40.846
40.328
39.81
39.425
39.036
38.61
38.282
38.052
37.775
