31.663
36.718
41.19
45.229
48.723
51.849
54.472
56.627
58.348
59.667
60.619
61.088
61.269
61.192
60.885
60.377
59.609
58.736
57.683
56.473
55.14
53.756
52.324
50.888
49.458
48.081
46.652
45.344
44.18
43.031
42.017
41.152
40.462
39.746
39.161
38.73
38.432
38.23
38.16
38.193
38.435
38.722
39.006
39.417
39.804
40.149
40.433
40.588
40.764
40.825
40.898
40.846
40.678
40.386
40.004
39.668
39.248
38.887
38.547
38.109
37.718
37.231
36.824
36.5
36.135
35.87
35.547
35.194
34.808
34.555
34.273
34.105
34.015
34.012
34.064
34.139
34.25
34.528
34.841
35.153
35.479
35.825
36.192
36.69
37.164
37.625
38.073
38.508
38.891
39.359
39.783
40.129
40.377
40.542
40.73
40.826
40.849
40.78
40.649
40.568
40.39
40.146
39.823
39.425
38.861
38.266
37.638
36.855
36.063
35.27
34.483
33.747
32.98
32.316
31.602
31.032
30.594
30.188
29.934
29.815
29.973
30.249
30.658
31.316
32.032
32.947
33.93
34.942
36.115
37.273
38.422
39.651
40.82
41.931
42.945
43.831
44.606
45.285
45.99
46.575
47.022
47.354
47.556
47.619
47.54
47.357
47.068
46.68
46.193
45.618
44.82
41.978
39.168
36.267
33.463
30.778
28.229
25.713
23.389
21.136
19.104
17.172
15.484
13.89
12.549
11.457
10.75
10.113
9.6798
9.4218
9.489
9.8188
10.27
10.964
11.854
12.882
13.973
15.263
16.528
17.73
18.742
19.776
20.805
21.692
22.465
23.342
24.166
24.924
25.617
26.229
26.676
27.059
27.244
27.251
27.112
26.819
26.532
25.985
25.359
24.815
24.205
23.527
25.087
26.558
27.897
29.127
30.398
31.608
32.762
33.879
35.143
36.411
37.707
39.085
40.447
41.791
42.974
44.02
45.067
46.093
46.978
47.718
48.066
48.479
48.63
48.573
48.345
48.074
47.624
46.923
46.312
45.59
44.829
43.78
43.009
42.206
41.398
40.585
39.765
39.025
38.371
37.757
37.215
36.739
36.318
36.072
36.009
35.974
36.131
36.274
36.415
36.744
36.957
37.22
37.671
38.169
38.58
39.037
39.477
40.052
40.599
41.24
41.972
42.587
43.153
43.788
44.302
44.957
45.421
45.733
46.024
46.273
46.499
46.759
46.792
46.893
47.027
46.911
46.707
46.282
45.937
45.227
44.468
43.687
42.871
41.776
40.706
39.703
38.625
37.635
36.587
35.635
34.66
33.821
32.918
32.226
31.601
30.906
30.418
29.844
35.82
41.331
46.266
50.667
54.632
58.054
61.088
63.759
66.078
68.082
69.785
71.327
72.435
73.122
73.583
73.814
73.743
73.502
72.969
72.169
71.403
70.281
69.217
67.677
66.203
64.668
62.888
61.085
59.454
57.706
56.165
54.671
53.252
52.015
50.7
49.625
48.782
48.006
47.339
46.901
46.782
46.807
46.799
46.88
47.054
47.329
47.662
47.996
48.289
48.563
48.909
49.112
49.438
49.726
49.942
50.093
50.324
50.498
50.683
50.869
51.087
51.261
51.352
51.145
51.053
50.903
50.672
50.277
49.914
49.582
49.254
48.819
48.417
47.912
47.454
46.772
46.329
45.995
45.629
45.364
45.379
45.515
45.737
45.996
46.186
46.345
46.72
47.169
47.647
48.144
48.703
49.158
49.576
50.104
50.55
51.064
51.512
51.87
52.16
52.474
52.699
52.972
53.247
53.345
53.427
53.47
53.306
52.943
52.273
51.469
50.682
49.511
48.364
47.244
46.3
45.251
44.141
43.171
42.332
41.588
40.988
40.396
39.99
39.627
39.557
39.674
39.991
40.445
41.068
41.697
42.603
43.471
44.58
45.655
46.783
47.912
49.167
50.303
51.547
52.749
53.726
54.668
55.554
56.334
57.243
58.019
58.633
59.073
59.35
59.577
59.636
57.369
54.888
52.366
49.696
46.795
43.973
41.134
38.413
35.947
33.432
31.053
28.702
26.408
24.199
22.096
20.268
18.822
17.483
16.393
15.728
15.428
15.361
15.65
16.505
17.431
18.628
20.086
21.83
23.521
25.155
26.837
28.388
29.828
31.296
32.752
34.149
35.504
36.788
37.974
38.98
39.891
40.683
41.205
41.661
41.858
41.929
41.648
41.452
41.097
40.693
40.103
41.502
42.858
43.96
44.988
45.952
46.763
47.298
47.751
47.959
48.343
48.682
49.065
49.527
50.212
50.721
51.205
51.8
52.487
53.115
53.694
53.955
54.375
54.505
54.396
54.364
54.13
53.833
53.395
53.035
52.79
52.686
52.415
52.406
52.326
52.071
51.906
51.53
51.174
50.821
50.421
50.005
49.577
49.124
48.63
48.118
47.476
47.116
46.56
45.983
45.45
44.951
44.5
44.143
43.884
43.726
43.67
43.659
43.846
44.084
44.498
45.08
45.63
46.198
46.925
47.716
48.69
49.638
50.475
51.328
52.175
53.166
54.041
54.687
55.499
56.321
56.831
57.191
57.265
57.332
57.067
56.668
56.149
55.366
54.344
53.253
52.144
50.725
49.613
48.217
46.864
45.601
44.429
43.268
42.394
41.413
40.454
39.67
38.924
38.268
