31.789
36.957
41.529
45.529
48.986
52.076
54.665
56.915
58.719
60.111
61.125
61.793
62.149
62.223
61.919
61.405
60.605
59.57
58.495
57.259
55.92
54.507
52.917
51.338
49.779
48.287
46.756
45.361
43.999
42.805
41.757
40.744
39.93
39.237
38.683
38.291
37.891
37.756
37.63
37.625
37.695
37.836
38.02
38.078
38.158
38.24
38.305
38.426
38.439
38.495
38.579
38.553
38.546
38.433
38.345
38.153
37.844
37.586
37.21
36.862
36.422
35.909
35.475
35.248
34.966
34.77
34.624
34.546
34.668
34.856
35.078
35.214
35.373
35.569
35.899
36.071
36.24
36.417
36.736
37.028
37.311
37.467
37.639
37.796
37.948
38.107
38.28
38.466
38.756
39.023
39.15
39.247
39.287
39.284
39.218
38.964
38.7
38.55
38.232
37.883
37.491
37.23
36.923
36.564
36.04
35.653
35.237
34.787
34.307
33.653
32.994
32.372
31.828
31.357
30.954
30.648
30.429
30.473
30.598
30.919
31.316
31.767
32.427
33.133
33.861
34.751
35.824
36.885
38.073
39.217
40.458
41.624
42.85
44.149
45.319
46.465
47.463
48.336
49.061
49.656
50.106
50.437
50.636
50.822
50.724
50.524
50.224
49.698
49.09
48.266
47.399
44.228
41.135
38.012
34.895
31.792
28.883
26.064
23.483
21.018
18.684
16.624
14.69
13.038
11.538
10.197
9.1604
8.3731
7.8052
7.3224
7.0872
7.1702
7.2971
7.7221
8.4012
9.1193
9.95
11.178
12.542
13.989
15.37
16.758
18.273
19.615
20.937
22.318
23.727
25.008
26.291
27.442
28.488
29.262
29.898
30.28
30.444
30.392
30.139
29.584
28.921
28.311
27.613
26.82
28.267
29.609
30.933
32.12
33.201
34.217
35.027
35.815
36.638
37.5
38.43
39.353
40.317
41.32
42.217
43.033
43.902
44.679
45.372
46.114
46.518
47.04
47.469
47.717
47.938
47.998
47.89
47.666
47.41
47.19
47.05
46.572
46.343
46.05
45.726
45.391
45.027
44.598
44.382
44.191
43.919
43.726
43.604
43.536
43.666
43.856
44.256
44.667
45.087
45.438
45.736
46.111
46.445
46.605
46.758
47.033
47.233
47.521
47.86
48.093
48.357
48.475
48.643
48.835
48.865
48.999
49.034
49.002
48.892
48.693
48.399
47.934
47.338
46.654
45.982
45.039
43.865
42.595
41.239
39.779
38.139
36.476
34.797
33.116
31.435
29.778
28.035
26.495
24.848
23.265
21.902
20.746
19.856
19.199
18.622
18.231
18.02
17.845
24.309
30.385
36.093
41.299
46.094
50.356
54.229
57.6
60.614
63.324
65.714
67.784
69.526
70.836
71.894
72.546
72.867
72.994
72.806
72.329
71.61
70.691
69.591
68.208
66.79
65.198
63.53
61.897
60.339
58.838
57.442
56.145
54.964
53.715
52.551
51.391
50.381
49.382
48.56
47.902
47.266
46.744
46.333
46.032
45.685
45.463
45.344
45.126
44.963
44.853
44.891
44.977
45.093
45.367
45.778
46.181
46.7
47.321
47.974
48.512
49.07
49.615
50.114
50.609
51.064
51.472
51.805
52.114
52.415
52.71
52.968
53.079
53.163
53.208
53.1
52.974
52.873
52.813
52.786
52.784
52.862
53.012
53.202
53.376
53.554
53.769
54.016
54.298
54.573
54.847
55.168
55.491
55.629
55.741
55.785
55.663
55.528
55.347
55.019
54.496
53.828
53.034
52.211
51.191
50.151
48.909
47.612
46.139
44.504
42.876
41.256
39.692
38.128
36.705
35.419
34.273
33.119
32.323
31.701
31.355
31.181
31.159
31.447
31.869
32.54
33.326
34.237
35.378
36.724
38.224
39.747
41.386
43.157
44.891
46.688
48.491
50.291
52.119
53.913
55.551
57.132
58.685
60.052
61.204
62.123
62.974
63.591
63.967
64.118
64.174
63.883
61.243
58.501
55.704
53.008
50.182
47.405
44.711
41.967
39.228
36.61
33.998
31.432
29.069
26.781
24.613
22.753
21.042
19.746
18.57
17.709
17.128
16.703
16.698
16.922
17.445
18.069
18.931
19.941
21.04
22.224
23.428
24.759
25.962
27.187
28.63
29.979
31.227
32.624
34.01
35.257
36.458
37.454
38.369
39.21
39.969
40.604
40.994
41.306
41.419
41.328
41.028
42.689
44.276
45.585
46.774
47.726
48.489
48.942
49.282
49.582
49.878
50.212
50.41
50.652
50.957
51.191
51.378
51.644
51.847
52.111
52.312
52.342
52.518
52.531
52.414
52.35
52.317
52.185
51.863
51.718
51.651
51.7
51.598
51.596
51.663
51.558
51.552
51.478
51.297
51.286
51.243
51.192
51.279
51.346
51.382
51.538
51.691
52.252
52.755
53.075
53.423
53.635
53.899
54.233
54.644
55.135
55.703
56.289
57.044
57.808
58.576
59.326
59.887
60.452
61.024
61.529
61.967
62.164
62.16
62.111
62
61.816
61.492
61.055
60.648
60.247
59.56
58.75
57.669
56.62
55.306
53.922
52.36
50.742
48.934
47.109
45.163
43.242
41.363
39.392
37.325
35.508
33.803
32.119
30.73
29.481
28.34
27.446
26.646
26.11
