31.596
36.653
41.185
45.21
48.879
52.068
54.8
57.214
59.213
60.824
62.074
63.102
63.699
64.016
64.076
63.906
63.453
62.726
61.803
60.706
59.487
58.169
56.78
55.363
53.947
52.426
50.966
49.49
48.144
46.818
45.622
44.46
43.481
42.509
41.684
41.03
40.509
40.018
39.69
39.484
39.399
39.409
39.493
39.609
39.762
39.932
40.213
40.434
40.569
40.638
40.747
40.771
40.71
40.553
40.433
40.234
39.959
39.619
39.3
38.876
38.381
37.83
37.244
36.615
36.092
35.672
35.215
34.858
34.603
34.453
34.492
34.603
34.754
34.847
34.976
35.116
35.277
35.466
35.689
35.916
36.159
36.424
36.711
37.1
37.476
37.848
38.217
38.712
39.16
39.68
40.155
40.675
41.093
41.422
41.643
41.89
42.057
42.259
42.374
42.504
42.517
42.438
42.261
41.987
41.647
41.242
40.772
40.244
39.778
39.259
38.697
38.134
37.61
37.126
36.681
36.31
36.005
35.794
35.557
35.409
35.37
35.538
35.704
35.968
36.314
36.754
37.297
37.917
38.729
39.578
40.471
41.377
42.296
43.228
44.134
44.984
45.788
46.666
47.463
48.32
49.071
49.731
50.277
50.697
50.982
51.156
51.215
51.159
50.86
50.463
49.864
49.082
48.254
47.276
46.397
45.397
44.414
43.459
42.415
41.436
40.536
39.611
38.792
37.973
37.286
36.625
35.982
35.499
35.172
34.882
34.771
34.707
34.825
35.097
35.526
36.08
36.696
37.384
38.111
38.851
39.694
40.497
41.241
41.941
42.58
43.14
43.607
43.97
44.262
44.469
44.505
44.482
44.394
44.235
44.007
43.714
43.357
42.943
42.481
41.978
41.441
40.851
40.225
39.578
38.889
38.179
37.472
36.673
35.921
35.104
34.413
33.847
33.403
33.042
32.799
32.665
32.519
32.474
32.517
32.754
33.045
33.381
33.875
