30.884
35.244
39.227
42.714
45.73
48.3
50.449
52.207
53.727
54.9
55.753
56.314
56.611
56.67
56.516
56.173
55.702
55.116
54.335
53.508
52.546
51.472
50.442
49.358
48.251
46.997
45.783
44.659
43.63
42.549
41.583
40.58
39.731
38.988
38.35
37.821
37.407
37.097
36.903
36.783
36.745
36.763
36.817
36.87
36.935
37.119
37.396
37.583
37.803
37.922
38.063
38.071
38.099
38.019
37.968
37.812
37.684
37.587
37.486
37.385
37.288
37.201
37.135
37.095
37.086
37.111
37.143
37.07
37.042
37.064
37.111
37.319
37.524
37.742
37.949
38.126
38.288
38.449
38.745
39.013
39.27
39.526
39.66
39.91
40.024
40.15
40.293
40.453
40.601
40.746
40.895
41.021
40.975
40.906
40.795
40.661
40.519
40.349
40.175
39.978
39.744
39.496
39.218
38.906
38.586
38.248
37.89
37.508
37.103
36.68
36.241
35.821
35.457
35.144
34.879
34.814
34.798
34.857
34.976
35.142
35.375
35.659
36.017
36.305
36.641
37.043
37.519
38.041
38.472
38.943
39.465
40.008
40.574
41.164
41.893
42.569
43.2
43.796
44.332
44.823
45.245
45.614
45.914
46.129
46.248
46.297
46.119
45.878
45.569
45.195
44.762
42
39.413
36.748
34.164
31.674
29.169
26.808
24.605
22.44
20.311
18.386
16.541
14.787
13.262
11.84
10.653
9.5484
8.7943
8.0978
7.7454
7.6839
7.7697
8.1287
8.7142
9.474
10.339
11.444
12.69
13.905
15.213
16.569
17.926
19.138
20.239
21.444
22.578
23.663
24.798
25.826
26.783
27.655
28.28
28.811
29.262
29.485
29.625
29.584
29.391
29.205
28.883
28.427
30.02
31.352
32.527
33.567
34.498
35.364
36.021
36.651
37.308
37.994
38.736
39.595
40.465
41.349
42.113
42.911
43.745
44.468
45.227
45.88
46.303
46.816
47.09
47.055
47.016
46.951
46.726
46.396
46.032
45.712
45.472
44.917
44.615
44.378
43.94
43.611
43.098
42.625
42.32
42
41.702
41.546
41.262
41.11
40.966
40.825
40.831
40.681
40.397
40.306
40.131
40.017
40.099
40.091
40.157
40.288
40.434
40.622
40.826
41.173
41.656
41.94
42.099
42.386
42.472
42.776
42.833
42.82
42.737
42.695
42.711
42.71
42.435
42.318
42.315
42.131
41.927
41.409
41.043
40.501
39.951
39.413
39.018
38.479
37.942
37.57
37.075
36.745
36.285
35.848
35.456
35.116
34.62
34.373
34.094
33.786
33.6
33.389
39.651
45.37
50.453
55.067
59.189
62.845
66.057
68.986
71.513
73.676
75.506
77.011
77.94
78.458
78.619
78.42
77.835
77.141
76.092
74.854
73.44
71.914
70.297
68.454
66.649
64.861
62.913
61.046
59.261
57.448
55.748
54.01
52.403
50.891
49.462
48.283
47.209
46.223
45.332
44.672
44.089
43.684
43.145
42.771
42.537
42.423
42.292
42.225
42.33
42.46
42.558
42.678
42.953
43.218
43.464
43.822
44.113
44.497
44.899
45.311
45.886
46.416
46.736
47.051
47.333
47.583
47.638
47.695
47.772
47.868
48.072
48.27
48.578
48.961
49.292
49.663
49.984
50.258
50.487
50.79
51.083
51.353
51.586
51.731
51.826
51.78
51.734
51.702
51.65
51.714
51.802
51.874
51.873
51.823
51.684
51.366
51.024
50.639
50.24
49.673
49.093
48.519
47.916
47.254
46.578
45.853
44.944
43.989
42.998
41.998
40.985
40.006
39.134
38.355
37.662
37.056
36.663
36.403
36.241
36.159
36.193
36.452
36.825
37.291
37.837
38.482
39.363
40.436
41.569
42.851
44.147
45.543
46.922
48.276
49.702
51.014
52.375
53.644
54.913
56.068
57.202
58.219
59.23
60.21
60.987
61.713
62.241
62.563
62.695
62.642
62.554
60.141
57.52
54.871
52.216
49.589
46.897
44.308
41.688
39.086
36.624
34.198
31.831
29.527
27.462
25.524
24.021
22.64
21.513
20.636
20.024
19.789
19.662
19.903
20.466
21.26
22.21
23.445
24.738
26.024
27.307
28.537
29.819
30.905
31.946
33.033
34.113
35.053
36.13
37.146
38.015
38.828
39.44
39.856
40.116
40.196
40.102
39.856
39.5
39.197
38.767
38.207
39.804
41.234
42.447
43.608
44.591
45.443
46.026
46.535
47.034
47.543
48.098
48.516
48.967
49.478
49.913
50.293
50.745
51.123
51.429
51.667
51.721
51.906
51.91
51.769
51.663
51.572
51.363
51.088
50.952
50.746
50.641
50.371
50.191
50.078
49.784
49.599
49.35
49.005
48.833
48.636
48.316
48.149
47.982
47.926
47.988
48.032
48.339
48.569
48.725
48.997
49.227
49.441
49.797
50.157
50.526
50.91
51.251
51.709
52.13
52.65
53.272
53.792
54.267
54.695
55.024
55.524
55.738
55.727
55.767
55.704
55.686
55.473
55.105
54.74
54.609
54.27
53.766
53.096
52.683
52.072
51.452
50.984
50.485
49.832
49.18
48.579
47.87
47.474
46.958
46.347
45.815
45.358
44.74
44.39
43.893
43.383
43.016
42.654
42.354
