31.136
35.722
39.778
43.454
46.634
49.344
51.613
53.469
55.091
56.344
57.26
57.867
58.047
57.991
57.725
57.148
56.461
55.552
54.607
53.507
52.284
51.005
49.672
48.328
46.855
45.438
44.097
42.861
41.754
40.774
39.921
39.167
38.561
38.052
37.637
37.32
37.104
37.104
37.192
37.345
37.524
37.729
37.938
38.264
38.553
38.921
39.194
39.35
39.394
39.457
39.4
39.353
39.164
38.875
38.493
38.156
37.86
37.484
37.131
36.807
36.372
35.993
35.681
35.314
35.035
34.845
34.586
34.285
34.085
33.988
33.965
34.021
33.976
34.004
33.945
33.915
33.922
33.971
34.068
34.181
34.323
34.5
34.71
35.048
35.378
35.71
36.043
36.38
36.685
37.114
37.511
37.848
38.099
38.279
38.373
38.398
38.374
38.134
37.867
37.557
37.195
36.802
36.366
35.884
35.388
34.873
34.485
34.061
33.734
33.367
33.093
32.815
32.574
32.492
32.429
32.29
32.206
32.201
32.139
32.148
32.249
32.552
32.938
33.385
33.874
34.417
35.024
35.793
36.589
37.383
38.188
39.117
40.009
40.872
41.794
42.607
43.451
44.201
44.837
45.498
46.032
46.459
46.766
46.941
46.986
46.932
46.78
46.53
46.191
45.644
45.034
44.373
43.672
42.94
42.195
41.453
40.724
39.897
39.124
38.415
37.656
36.989
36.276
35.689
35.099
34.65
34.216
33.931
33.788
33.777
33.92
34.197
34.487
34.907
35.459
36.109
36.791
37.517
38.25
38.968
39.646
40.267
40.815
41.308
41.728
42.064
42.307
42.448
42.529
42.538
42.508
42.432
42.301
42.113
41.87
41.578
41.24
40.863
40.456
40.025
39.579
39.098
38.447
37.808
37.154
36.505
35.882
35.301
34.775
34.316
33.969
33.73
33.589
33.502
33.503
33.584
33.733
33.941
34.198
34.49
34.807
35.286
35.75
36.19
36.594
36.955
37.266
37.518
37.715
37.975
38.186
38.34
38.472
38.569
38.624
38.634
38.629
38.474
38.308
38.168
37.895
37.646
37.418
37.209
37.015
36.837
36.826
36.95
37.073
37.328
37.578
37.987
38.415
38.861
39.352
39.876
40.421
41.128
41.791
42.269
42.867
43.274
43.648
43.983
44.313
44.628
45.036
45.378
45.504
45.573
45.588
45.547
45.452
45.279
45.062
44.801
44.377
43.926
43.461
42.982
42.494
41.879
41.277
40.696
40.134
39.472
38.697
37.976
37.178
36.445
35.652
34.942
34.196
33.407
32.774
32.293
31.83
31.485
31.258
31.016
37.214
42.857
47.833
52.301
56.249
59.825
62.916
65.549
67.878
69.825
71.541
72.9
74.067
74.894
75.398
75.601
75.425
74.909
74.213
73.228
72.016
70.608
69.038
67.234
65.386
63.549
61.777
59.981
58.355
56.76
55.185
53.656
52.162
50.695
49.369
48.116
47.06
46.043
45.123
44.263
43.604
42.964
42.487
42.146
42.056
42.083
42.326
42.704
43.034
43.46
43.954
44.531
45.039
45.605
46.203
46.813
47.42
47.884
48.425
48.897
49.304
49.649
49.905
50.125
50.28
50.508
50.515
50.509
50.501
50.499
50.474
50.444
50.377
50.261
50.119
49.929
49.717
49.511
49.332
49.031
48.804
48.668
48.595
48.557
48.697
48.898
49.16
49.357
49.721
50.113
50.581
51.071
51.511
51.91
52.237
52.513
52.751
52.915
53.027
53.063
53.027
52.935
52.763
52.494
52.164
51.755
51.267
50.575
49.821
48.888
47.772
46.689
45.558
44.389
43.312
42.246
41.174
40.16
39.325
38.526
37.934
37.396
37.086
36.825
36.748
37.014
37.467
38.068
38.945
39.921
41.005
42.272
43.709
45.165
46.591
48.091
49.514
50.993
52.35
53.719
54.931
56.129
57.285
58.217
59.036
59.77
60.395
60.767
61.037
61.055
60.829
60.502
59.955
59.21
58.295
57.24
55.945
54.586
53.188
51.63
50.1
48.499
46.867
45.363
44.006
42.814
41.676
40.593
39.604
38.851
38.366
38.002
37.915
38.078
38.491
39.117
39.873
40.77
41.767
42.83
43.935
45.051
46.28
47.497
48.674
49.914
51.052
51.944
52.757
53.348
53.878
54.32
54.783
54.989
55.195
55.261
55.189
54.986
54.662
54.355
53.935
53.386
52.728
51.989
51.14
50.36
49.525
48.654
47.784
46.933
46.032
45.244
44.573
43.973
43.503
43.16
42.936
42.832
42.838
42.948
43.153
43.445
43.808
44.099
44.44
44.806
45.193
45.453
45.714
45.832
45.976
46.123
46.292
46.312
46.336
46.492
46.643
46.902
47.11
47.428
47.83
48.164
48.578
48.903
49.265
49.528
49.696
49.772
49.767
49.688
49.549
49.53
49.495
49.448
49.311
49.223
49.185
49.195
49.226
49.29
49.392
49.539
49.73
49.967
50.286
50.683
51.101
51.537
51.984
52.429
52.861
53.262
53.633
53.791
53.921
54.016
54.068
54.066
53.86
53.61
53.314
52.969
52.441
51.87
51.251
50.585
49.749
48.88
47.986
47.197
46.389
45.568
44.753
43.954
43.229
42.588
42.038
41.547
40.998
40.549
40.083
