31.136
35.722
39.904
43.44
46.621
49.332
51.601
53.458
54.933
56.056
56.856
57.509
57.881
57.851
57.61
57.182
56.629
55.839
54.873
53.879
52.769
51.566
50.298
49.009
47.725
46.451
45.103
43.874
42.745
41.736
40.851
40.082
39.437
38.886
38.429
38.088
37.828
37.658
37.719
37.848
38.028
38.214
38.536
38.839
39.111
39.463
39.746
40.042
40.192
40.352
40.385
40.423
40.459
40.495
40.403
40.321
40.248
40.061
39.993
39.787
39.588
39.406
39.253
39.137
39.06
39.032
39.022
38.901
38.839
38.845
38.764
38.744
38.758
38.821
38.78
38.623
38.505
38.286
38.137
38.03
37.853
37.75
37.72
37.731
37.662
37.657
37.713
37.829
37.968
38.132
38.327
38.519
38.682
38.823
38.916
38.976
39.017
39.016
39.12
39.166
39.142
39.07
38.934
38.728
38.354
38.07
37.737
37.354
36.924
36.453
35.949
35.45
34.996
34.585
34.218
33.924
33.696
33.563
33.512
33.656
33.879
34.311
34.814
35.371
35.959
36.723
37.533
38.361
39.341
40.305
41.261
42.178
43.063
43.919
44.71
45.409
46.03
46.588
46.93
47.209
47.407
47.543
47.603
47.575
47.45
47.259
46.997
46.54
46.027
45.468
44.866
41.938
39.081
36.313
33.523
30.867
28.233
25.782
23.395
21.07
18.975
16.981
15.232
13.595
12.207
11.06
10.294
9.7186
9.3307
9.1044
9.1852
9.3715
9.6812
10.113
10.76
11.569
12.595
13.832
15.062
16.246
17.533
18.712
19.893
20.814
21.646
22.479
23.272
23.898
24.625
25.288
25.947
26.408
26.804
27.137
27.302
27.408
27.476
27.366
27.249
27.145
26.904
26.677
28.609
30.376
31.945
33.335
34.576
35.711
36.6
37.427
38.25
39.067
39.91
40.713
41.517
42.324
42.997
43.571
44.191
44.711
45.151
45.389
45.442
45.624
45.609
45.449
45.314
45.179
44.908
44.552
44.169
43.853
43.635
43.121
42.873
42.574
42.114
41.779
41.25
40.777
40.355
39.817
39.328
38.888
38.481
38.078
37.843
37.627
37.589
37.527
37.45
37.421
37.427
37.477
37.706
37.848
38.043
38.286
38.524
38.908
39.273
39.883
40.588
41.185
41.734
42.484
43.111
43.871
44.428
44.951
45.433
45.852
46.229
46.494
46.528
46.635
46.777
46.668
46.353
45.84
45.427
44.798
44.126
43.438
42.718
41.723
40.757
39.858
38.885
38.125
37.289
36.535
35.885
35.21
34.573
34.082
33.624
33.188
32.914
32.525
38.643
44.249
49.246
53.796
57.867
61.358
64.428
67.235
69.65
71.71
73.439
74.847
75.813
76.359
76.679
76.649
76.342
75.77
74.828
73.809
72.723
71.348
69.961
68.168
66.503
64.834
62.962
61.114
59.468
57.878
56.356
54.894
53.522
52.219
50.834
49.603
48.479
47.335
46.346
45.501
44.899
44.347
43.706
43.232
42.925
42.785
42.641
42.7
42.774
43.006
43.219
43.331
43.607
44.004
44.352
44.798
45.321
45.909
46.485
46.918
47.503
48.019
48.435
48.656
48.957
49.17
49.111
49.017
48.911
48.794
48.786
48.736
48.649
48.395
48.247
47.924
47.634
47.633
47.515
47.418
47.669
47.958
48.515
49.142
49.598
50.186
50.884
51.565
52.341
53.051
53.746
54.266
54.825
55.302
55.652
55.911
56.09
56.174
56.192
56.114
55.966
55.892
55.716
55.398
55.106
54.82
54.381
53.797
52.811
51.771
50.672
49.29
48.02
46.849
46.049
45.056
44.051
43.234
42.58
41.932
41.475
41.189
41.099
41.053
41.298
41.717
42.312
42.877
43.59
44.413
45.495
46.508
47.598
48.637
49.719
50.918
52.106
53.171
54.206
55.354
56.289
57.206
58.083
58.867
59.543
60.122
60.577
60.633
60.578
60.534
60.364
57.914
55.164
52.551
49.946
47.259
44.659
42.166
39.653
37.393
35.076
32.757
30.591
28.46
26.522
24.535
22.814
21.336
20.089
19.079
18.347
17.967
17.813
18.008
18.633
19.339
20.194
21.331
22.652
23.96
25.253
26.488
27.771
28.978
30.119
31.412
32.55
33.677
34.763
35.777
36.757
37.66
38.481
39.186
39.685
39.949
39.982
39.819
39.775
39.576
39.208
38.521
39.854
41.029
42.139
43.06
43.807
44.555
45.04
45.572
46.1
46.634
47.22
47.808
48.427
49.102
49.702
50.251
50.885
51.588
52.213
52.77
53.141
53.782
54.217
54.484
54.763
55.032
55.151
55.167
55.145
55.158
55.227
54.96
54.906
54.75
54.514
54.214
53.812
53.416
53.011
52.557
51.963
51.513
51.058
50.581
50.24
49.778
49.607
49.391
49.143
49.053
48.971
48.912
49.046
49.091
49.203
49.387
49.579
49.937
50.31
50.825
51.342
51.802
52.251
52.832
53.329
54.004
54.524
54.937
55.509
56.075
56.637
57.103
57.358
57.686
58.066
58.06
57.975
57.672
57.432
56.804
56.112
55.247
54.324
53.074
51.828
50.623
49.316
48.081
46.767
45.411
44.193
42.977
41.677
40.723
39.833
38.865
38.099
37.517
37.033
