30.884
35.244
39.1
42.475
45.392
48
50.187
51.98
53.408
54.499
55.282
55.783
56.03
55.921
55.622
55.155
54.579
53.906
53.034
52.133
51.112
50.016
48.974
47.889
46.768
45.657
44.577
43.58
42.646
41.799
41.043
40.5
39.91
39.519
39.185
38.935
38.754
38.486
38.436
38.444
38.495
38.55
38.613
38.799
38.959
39.08
39.277
39.352
39.454
39.452
39.472
39.383
39.317
39.271
39.248
39.114
39.006
38.782
38.57
38.249
37.965
37.596
37.292
36.928
36.643
36.44
36.143
35.925
35.793
35.621
35.523
35.502
35.528
35.612
35.727
35.845
35.98
36.136
36.322
36.511
36.715
36.94
37.313
37.667
38.008
38.347
38.682
39.015
39.317
39.592
39.724
39.825
39.876
39.884
39.833
39.868
39.863
39.799
39.702
39.701
39.626
39.349
39.176
38.939
38.669
38.359
38.009
37.622
37.201
36.754
36.137
35.702
35.324
34.996
34.714
34.508
34.37
34.322
34.35
34.441
34.618
34.862
35.191
35.587
36.028
36.525
37.084
37.683
38.322
38.976
39.651
40.321
40.988
41.652
42.283
42.853
43.372
43.855
44.13
44.373
44.559
44.707
44.673
44.584
44.432
44.114
43.762
43.374
42.949
42.488
41.995
39.33
36.725
34.195
31.753
29.416
27.198
25.116
23.056
21.16
19.289
17.615
16.021
14.656
13.523
12.495
11.859
11.426
11.321
11.249
11.499
12.024
12.682
13.599
14.852
16.256
17.857
19.654
21.425
23.269
25.041
26.687
28.469
29.956
31.32
32.645
33.899
34.96
35.97
36.911
37.695
38.306
38.749
39.043
39.221
39.404
39.465
39.3
39.087
38.86
38.613
38.208
39.826
41.275
42.414
43.416
44.181
44.872
45.502
45.978
46.494
46.9
47.229
47.439
47.575
47.76
47.832
47.68
47.47
47.196
46.863
46.472
46.022
45.509
44.915
44.276
43.486
42.678
41.581
40.506
39.496
38.513
37.474
36.38
35.509
34.521
33.497
32.578
31.723
30.873
30.148
29.511
28.85
28.296
27.831
27.43
27.095
26.806
26.569
26.472
26.241
26.069
26.195
26.463
27.012
27.664
28.549
29.485
30.551
31.73
32.983
34.318
35.55
36.787
38.05
39.321
40.56
41.735
42.686
43.558
44.352
44.92
45.425
45.667
45.818
45.766
45.511
45.175
44.652
43.84
42.911
41.743
40.514
39.101
37.683
36.154
34.688
33.292
31.975
30.63
29.268
28.048
26.982
25.925
25.078
24.438
23.984
23.687
23.551
23.71
30.318
36.368
41.997
47.092
51.76
55.883
59.486
62.599
65.237
67.58
69.507
71.034
72.175
72.958
73.42
73.575
73.485
73.165
72.64
71.803
70.843
69.663
68.29
66.748
65.147
63.387
61.644
59.913
58.353
56.933
55.686
54.597
53.532
52.596
51.662
50.889
50.16
49.59
49.197
48.84
48.481
48.255
48.131
48.094
48.108
48.202
48.467
48.718
49.06
49.349
49.545
49.704
49.951
50.139
50.386
50.565
50.8
50.929
51.052
51.172
51.283
51.228
51.129
50.906
50.683
50.326
49.804
49.345
48.829
48.402
48.032
47.727
47.469
47.247
46.952
46.693
46.509
46.408
46.385
46.422
46.572
46.822
47.149
47.495
47.876
48.323
48.957
49.621
50.269
51.034
51.809
52.423
52.952
53.403
53.746
53.866
53.921
53.882
53.777
53.573
53.279
52.906
52.421
51.796
51.071
50.231
49.265
48.187
47.01
45.765
44.472
43.187
41.977
40.849
39.674
38.607
37.654
36.722
35.958
35.353
34.932
34.689
34.652
34.794
35.115
35.618
36.312
37.161
38.325
39.596
40.978
42.554
44.189
46
47.797
49.656
51.586
53.428
55.275
57.126
58.933
60.587
62.209
63.603
64.752
65.667
66.339
66.758
67.068
67.139
66.979
64.451
61.795
59.05
56.249
53.426
50.493
47.624
44.692
41.75
38.807
36.026
33.319
30.709
28.248
25.971
24.07
22.507
21.247
20.188
19.511
19.173
19.029
19.229
19.877
20.744
22.009
23.519
25.171
26.904
28.819
30.705
32.662
34.56
36.406
38.27
40.119
41.916
43.66
45.179
46.524
47.659
48.712
49.541
50.308
50.856
51.345
51.513
51.537
51.445
51.231
50.771
52.244
53.468
54.433
55.04
55.358
55.43
55.435
55.293
55.068
54.819
54.686
54.492
54.28
54.047
53.816
53.448
53.099
52.759
52.398
52.034
51.663
51.299
50.914
50.384
49.878
49.375
48.601
47.857
47.189
46.533
45.918
45.206
44.504
43.776
42.935
41.992
41.046
40.043
39.111
38.191
37.43
36.699
35.983
35.264
34.561
34.031
33.652
33.256
32.969
32.72
32.75
33.06
33.685
34.557
35.652
36.939
38.376
39.926
41.556
43.131
44.756
46.426
48.006
49.508
50.986
52.306
53.447
54.558
55.63
56.65
57.578
58.222
58.755
59.04
59.209
59.114
58.789
58.399
57.811
57.031
56.108
55.188
54.128
52.952
51.694
50.369
48.989
47.591
46.18
44.784
43.319
41.939
40.69
39.589
38.481
37.512
36.71
35.951
35.272
