28.648
31.125
33.504
35.707
37.821
39.758
41.519
43.183
44.748
46.142
47.444
48.582
49.561
50.474
51.236
51.854
52.346
52.719
52.987
53.157
53.159
53.025
52.761
52.386
51.905
51.344
50.718
50.052
49.342
48.613
47.872
47.129
46.388
45.583
44.8
44.041
43.249
42.504
41.803
41.16
40.572
40.037
39.539
39.088
38.68
38.384
38.117
37.852
37.598
37.352
37.183
37.009
36.816
36.615
36.476
36.392
36.285
36.227
36.201
36.204
36.158
36.139
36.146
36.175
36.227
36.213
36.214
36.234
36.199
36.115
36.053
36.014
35.988
35.981
35.983
35.988
35.999
36.02
36.124
36.156
36.27
36.391
36.522
36.654
36.789
36.93
37.08
37.236
37.391
37.546
37.704
37.855
37.991
38.115
38.219
38.308
38.384
38.439
38.481
38.502
38.497
38.471
38.419
38.338
38.235
38.107
37.952
37.842
37.628
37.388
37.122
36.843
36.564
36.285
36.008
35.816
35.631
35.466
35.317
35.186
35.082
35.002
34.957
34.945
34.962
35.016
35.112
35.331
35.586
35.87
36.189
36.533
36.977
37.444
37.922
38.331
38.821
39.316
39.805
40.292
40.767
41.233
41.753
42.243
42.625
42.978
43.225
43.439
43.614
43.663
43.674
43.573
43.436
43.263
43.057
42.819
42.551
42.185
41.802
41.405
40.999
40.587
40.175
39.767
39.295
38.842
38.327
37.845
37.328
36.855
36.438
36.078
35.781
35.547
35.38
35.205
35.083
35.021
34.939
34.91
34.926
34.982
35.072
35.199
35.356
35.608
35.871
36.14
36.419
36.774
37.057
37.34
37.615
37.877
38.191
38.476
38.73
38.949
39.13
39.272
39.375
39.429
39.434
39.394
39.301
39.159
38.972
38.746
38.487
38.201
37.905
37.604
37.228
36.848
36.478
36.122
35.782
35.46
35.16
34.883
34.631
34.476
34.343
34.234
34.145
34.004
33.887
33.793
33.72
33.668
33.642
33.709
33.801
33.911
34.108
34.309
34.519
34.734
34.951
35.174
35.486
35.791
36.084
36.435
36.765
37.071
37.353
37.608
37.911
38.113
38.291
38.456
38.608
38.749
38.889
39.026
39.161
39.293
39.414
39.526
39.632
39.731
39.825
39.914
40.083
40.254
40.419
40.577
40.73
40.804
40.878
40.949
41.018
41.073
41.122
41.166
41.2
41.222
41.234
41.231
41.214
41.11
40.995
40.869
40.647
40.417
40.106
39.789
39.467
39.066
38.662
38.258
37.855
37.455
37.071
36.705
36.359
36.024
35.704
35.401
38.747
41.883
44.81
47.533
50.046
52.351
54.457
56.295
57.951
59.515
60.917
62.161
63.253
64.126
64.862
65.467
65.96
66.263
66.469
66.511
66.482
66.324
66.041
65.638
65.154
64.604
63.925
63.304
62.678
61.978
61.273
60.578
59.899
59.226
58.546
57.892
57.187
56.5
55.853
55.171
54.442
53.754
53.015
52.314
51.65
51.027
50.428
49.847
49.356
48.804
48.251
47.722
47.288
46.8
46.324
45.872
45.442
45.035
44.625
44.299
43.98
43.741
43.567
43.469
43.359
43.311
43.238
43.228
43.197
43.232
43.402
43.615
43.856
44.113
44.455
44.789
45.119
45.443
45.76
46.061
46.358
46.651
46.932
47.188
47.423
47.639
47.839
48.098
48.327
48.602
48.86
49.175
49.51
49.792
50.088
50.327
50.516
50.723
50.879
50.979
51.027
51.035
50.996
50.907
50.782
50.62
50.347
50.042
49.778
49.482
49.156
48.901
48.644
48.388
48.133
47.893
47.668
47.47
47.298
47.147
47.029
46.941
46.81
46.72
46.598
46.528
46.519
46.561
46.66
46.808
46.938
47.115
47.27
47.477
47.723
47.909
48.129
48.383
48.659
48.958
49.267
49.591
49.918
50.236
50.536
50.824
51.091
51.417
51.706
51.953
52.155
52.308
52.41
52.377
52.299
52.105
51.874
51.609
51.312
50.913
50.492
50.056
49.606
49.15
48.622
48.104
47.603
47.121
46.581
46.073
45.543
45.068
44.588
44.177
43.846
43.587
43.382
43.237
43.147
43.105
43.176
43.278
43.334
43.5
43.694
43.908
44.208
44.512
44.829
45.235
45.646
46.053
46.447
46.823
47.174
47.496
47.856
48.248
48.592
48.886
49.2
49.446
49.554
49.602
49.581
49.425
49.217
48.893
48.538
48.158
47.848
47.535
47.223
46.971
46.72
46.476
46.24
46.014
45.801
45.601
45.416
45.317
45.23
45.154
45.171
45.263
45.352
45.439
45.522
45.674
45.83
45.986
46.152
46.323
46.497
46.666
46.842
46.946
47.052
47.171
47.299
47.432
47.568
47.703
47.833
47.958
48.074
48.18
48.277
48.437
48.583
48.728
48.946
49.157
49.374
49.677
49.975
50.269
50.614
50.94
51.246
51.535
51.881
52.135
52.388
52.569
52.74
52.818
52.891
52.959
53.022
53.004
52.98
52.867
52.754
52.64
52.522
52.401
52.277
52.151
52.023
51.965
51.828
51.688
51.472
51.258
51.042
50.823
50.514
50.204
49.817
49.431
49.046
48.663
48.295
47.943
47.534
47.061
46.603
46.167
45.668
