32.063
37.541
32.063
37.541
42.451
46.811
50.644
54.101
57.065
59.563
61.624
63.276
64.417
65.22
65.6
65.708
65.457
64.996
64.277
63.306
62.277
61.087
59.788
58.295
56.754
55.098
53.459
51.77
50.043
48.364
46.726
45.157
43.652
42.234
40.92
39.8
38.867
38.011
37.355
36.88
36.595
36.339
36.233
36.247
36.462
36.714
37.005
37.424
37.825
38.267
38.73
39.09
39.453
39.676
39.891
40.096
40.176
40.246
40.304
40.354
40.36
40.217
40.058
39.89
39.729
39.583
39.46
39.366
39.275
39.094
39.074
38.988
39.048
39.03
39.145
39.289
39.326
39.355
39.394
39.455
39.548
39.648
39.771
39.925
40.116
40.312
40.391
40.506
40.659
40.85
40.931
41.03
41.153
41.269
41.234
41.184
41.091
40.862
40.744
40.59
40.424
40.222
39.972
39.693
39.372
39.113
38.824
38.495
38.123
37.707
37.359
36.962
36.411
35.867
35.373
34.924
34.521
34.192
33.932
33.658
33.482
33.39
33.408
33.517
33.632
33.855
34.163
34.573
35.093
35.691
36.375
37.115
37.916
38.859
39.819
40.797
41.752
42.764
43.715
44.727
45.647
46.484
47.211
47.846
48.366
48.755
49.132
49.38
49.495
49.472
49.313
49.02
48.602
46.137
43.622
40.949
38.285
35.651
32.958
30.359
27.875
25.412
22.993
20.753
18.577
16.615
14.763
13.039
11.583
10.361
9.3586
8.5752
8.15
7.9232
7.8957
8.0629
8.5092
9.0715
9.7971
10.805
11.892
13.018
14.04
15.048
16.26
17.295
18.398
19.631
20.716
21.767
22.914
23.874
24.806
25.545
26.203
26.778
27.3
27.72
28.034
28.023
27.963
27.887
27.646
27.237
28.737
30.08
31.231
32.213
33.055
33.913
34.547
35.122
35.81
36.386
37.115
37.816
38.535
39.278
39.927
40.508
41.275
41.962
42.698
43.355
43.94
44.607
45.066
45.363
45.638
45.876
45.954
45.913
46.051
46.072
46.247
46.104
46.139
46.297
46.25
46.241
46.127
45.877
45.727
45.518
45.278
45.117
44.8
44.561
44.275
43.964
43.78
43.437
43.074
42.754
42.343
41.994
41.724
41.537
41.326
41.212
41.03
41.043
41.105
41.332
41.717
42.08
42.347
42.76
43.033
43.513
43.902
44.225
44.481
44.762
44.972
45.157
45.207
45.377
45.623
45.685
45.699
45.536
45.324
44.916
44.341
43.743
42.987
42.09
41.189
40.205
39.128
38.217
37.212
36.252
35.228
34.283
33.361
32.693
32.042
31.4
30.895
30.407
35.81
40.812
45.323
49.486
53.269
56.577
59.552
62.217
64.58
66.788
68.732
70.421
71.852
72.91
73.762
74.404
74.77
74.974
74.903
74.687
74.352
73.679
73.026
72.03
71.044
69.953
68.586
67.139
65.667
64.153
62.646
61.129
59.621
58.232
56.708
55.263
53.994
52.631
51.485
50.527
49.717
48.94
48.174
47.527
47.019
46.66
46.311
46.035
45.831
45.696
45.601
45.461
45.415
45.438
45.39
45.391
45.447
45.67
45.993
46.399
46.903
47.428
47.929
48.316
48.813
49.263
49.745
50.193
50.625
51.027
51.369
51.548
51.684
51.536
51.467
51.12
50.897
50.796
50.575
50.356
50.301
50.395
50.597
50.756
50.778
50.816
50.977
51.152
51.312
51.46
51.65
51.739
51.802
51.863
51.884
51.89
51.891
51.755
51.627
51.48
51.34
51.327
51.395
51.386
51.433
51.403
51.153
50.805
50.123
49.281
48.392
47.245
46.172
45.051
44.244
43.239
42.203
41.303
40.654
40.073
39.604
39.231
38.855
38.62
38.61
38.838
39.191
39.626
40.17
40.795
41.508
42.172
42.915
43.626
44.494
45.475
46.443
47.436
48.392
49.437
50.401
51.33
52.331
53.369
54.407
55.445
56.454
57.184
57.879
58.408
58.912
57.417
55.683
53.862
51.851
49.804
47.743
45.695
43.771
42.088
40.273
38.463
36.567
34.616
32.624
30.516
28.59
26.932
25.31
23.726
22.489
21.452
20.526
19.827
19.55
19.418
19.498
19.793
20.347
20.984
21.705
22.471
23.266
24.117
25.016
26.045
27.165
28.254
29.542
30.745
31.988
33.221
34.306
35.221
36.116
36.949
37.692
38.122
38.611
38.929
39.154
39.418
41.395
43.247
44.928
46.568
47.942
49.228
50.165
50.918
51.443
51.885
52.17
52.539
52.753
52.987
53.127
53.196
53.321
53.389
53.399
53.259
52.994
52.741
52.518
52.09
51.74
51.34
50.793
50.158
49.848
49.66
49.619
49.591
49.792
50.066
50.302
50.614
50.845
51.073
51.524
51.788
51.888
51.93
51.918
51.952
51.815
51.634
51.656
51.589
51.546
51.587
51.441
51.262
51.199
51.023
50.869
50.751
50.62
50.624
50.523
50.563
50.617
50.791
50.852
51.209
51.529
52.045
52.236
52.409
52.684
53.037
53.367
53.828
54.208
54.591
55.098
55.445
55.767
55.93
56.275
56.284
56.221
56.209
55.987
55.453
54.866
54.131
53.143
52.174
50.98
49.574
48.253
47.012
45.77
44.654
43.539
42.311
