28.737
31.234
33.496
35.528
37.338
38.933
40.322
41.515
42.622
43.545
44.294
44.881
45.317
45.612
45.777
45.722
45.584
45.369
44.998
44.585
44.033
43.383
42.643
41.837
40.967
40.169
39.347
38.53
37.726
36.926
36.254
35.604
34.994
34.41
33.837
33.31
32.927
32.576
32.266
32.092
31.923
31.869
31.813
31.75
31.677
31.569
31.441
31.273
31.063
30.915
30.815
30.757
30.733
30.74
30.771
30.703
30.659
30.64
30.625
30.614
30.609
30.608
30.616
30.635
30.663
30.704
30.744
30.79
30.847
32.572
32.401
32.25
32.106
32.079
32.048
32.006
31.962
32.037
31.993
31.947
31.908
31.88
31.866
31.851
31.841
31.75
31.678
31.635
31.496
31.385
31.304
31.229
31.059
30.907
30.643
30.401
30.092
29.701
29.245
28.705
28.198
27.638
27.004
26.315
25.575
24.692
23.781
22.833
21.861
20.973
20.06
19.143
18.226
17.43
16.645
15.885
15.241
14.628
14.028
13.554
13.208
12.878
12.674
12.579
12.575
12.662
12.837
13.072
13.374
13.624
14.028
14.459
15.008
15.56
16.214
16.815
17.477
18.091
18.743
19.318
19.814
20.329
20.755
21.193
21.514
21.74
21.971
22.098
22.116
22.138
22.062
21.993
21.823
21.57
21.247
20.98
20.648
20.254
19.822
19.243
18.761
18.261
17.646
17.044
16.475
15.943
15.444
14.996
14.488
14.036
13.664
13.359
13.231
13.176
13.186
13.253
13.354
13.496
13.67
13.864
14.079
14.306
14.526
14.742
15.073
15.374
15.645
15.876
16.177
16.441
16.67
16.969
17.21
17.393
17.524
17.704
17.816
17.988
17.969
18.022
18.01
17.934
17.804
17.717
17.561
17.356
17.115
16.837
16.541
16.23
15.938
15.66
15.399
15.143
14.92
14.823
14.742
14.774
14.811
14.853
14.9
14.949
14.998
15.048
15.212
15.355
15.478
15.678
15.845
16.077
16.272
16.532
16.755
16.94
17.082
17.181
17.247
17.28
17.276
17.263
17.225
17.172
17.097
17.005
16.786
16.551
16.317
16.084
15.854
15.732
15.616
15.639
15.685
15.746
15.835
15.948
16.089
16.26
16.437
16.73
17.019
17.306
17.689
18.058
18.527
18.981
19.402
19.791
20.264
20.691
20.942
21.27
21.547
21.747
21.893
21.985
22.02
22.002
22.031
22.011
21.931
21.698
21.413
21.204
20.955
20.667
20.347
19.901
19.441
18.856
18.279
17.614
17.081
16.474
15.922
15.529
15.086
14.794
14.542
14.345
19.234
28.099
30.014
31.748
33.307
34.695
35.918
36.983
37.797
38.477
39.031
39.467
39.793
40.017
