30.552
34.664
38.239
41.299
43.854
45.951
47.618
48.753
49.531
49.98
50.13
49.988
49.491
48.788
47.884
46.711
45.445
44.079
42.565
41.032
39.494
38
36.543
35.147
33.81
32.673
31.622
30.691
29.986
29.378
28.974
28.623
28.361
28.146
28.084
28.07
28.199
28.453
28.831
29.302
29.848
30.44
31.167
31.887
32.586
33.25
33.976
34.604
35.134
35.681
36.121
36.591
36.953
37.219
37.398
37.613
37.747
37.817
37.806
37.73
37.605
37.445
37.383
37.309
37.235
37.285
37.32
37.359
37.413
37.494
37.583
37.822
38.048
38.277
38.493
38.79
39.061
39.317
39.569
39.798
40.132
40.456
40.776
41.07
41.344
41.608
41.866
42.121
42.236
42.34
42.443
42.411
42.35
42.137
41.901
41.543
41.2
40.743
40.312
39.895
39.367
38.869
38.39
37.926
37.496
36.965
36.472
36.016
35.595
35.206
34.742
34.351
34.06
33.857
33.736
33.715
33.779
33.943
34.189
34.502
34.892
35.34
35.857
36.422
37.015
37.754
38.521
39.288
40.19
41.058
41.896
42.682
43.528
44.314
45.014
45.495
45.895
46.224
46.468
46.639
46.726
46.616
46.445
46.092
45.565
44.899
44.215
43.386
42.556
41.616
40.696
37.87
35.131
32.497
29.979
27.592
25.349
23.156
21.146
19.207
17.467
15.795
14.335
13.085
11.927
10.977
10.25
9.7002
9.4352
9.3072
9.4397
9.7877
10.218
10.84
11.61
12.484
13.405
14.604
15.765
16.86
18.004
19.161
20.293
21.279
22.256
23.301
24.28
25.069
25.906
26.655
27.351
27.855
28.303
28.687
29.023
29.294
29.389
29.35
29.194
29.064
28.833
28.503
30.034
31.479
32.806
34.029
35.167
36.258
37.173
38.068
38.988
39.931
40.922
41.906
42.906
43.924
44.838
45.665
46.529
47.3
47.879
48.386
48.703
49.107
49.312
49.356
49.381
49.368
49.066
48.666
48.227
47.707
47.264
46.548
45.932
45.286
44.518
43.769
42.883
42.078
41.47
40.785
40.169
39.732
39.344
38.999
38.819
38.558
38.464
38.383
38.206
38.211
38.265
38.37
38.53
38.737
38.987
39.276
39.444
39.744
40.03
40.415
41.007
41.497
41.939
42.438
42.831
43.347
43.692
43.896
44.193
44.327
44.439
44.479
44.333
44.268
44.369
44.26
44.093
43.749
43.49
43.042
42.553
42.043
41.502
40.828
40.159
39.421
38.608
37.978
37.168
36.436
35.806
35.274
34.772
34.53
34.302
34.087
34.001
33.916
39.572
44.819
49.56
53.932
57.907
61.387
64.51
67.403
69.95
72.174
74.093
75.707
76.904
77.696
78.242
78.541
78.423
78.132
77.435
76.501
75.5
74.08
72.641
70.953
69.218
67.361
65.197
63.19
61.247
59.351
57.665
55.933
54.3
52.76
51.179
49.872
48.683
47.499
46.603
45.938
45.5
45.253
45.047
44.981
45.058
45.273
45.482
45.737
46.034
46.37
46.823
47.297
47.894
48.575
49.187
49.858
50.565
51.293
51.986
52.629
53.227
53.743
54.292
54.769
55.024
55.205
55.291
55.329
55.344
55.333
55.165
54.744
54.319
53.667
53.053
52.342
51.571
51.005
50.295
49.686
49.102
48.657
48.331
48.074
47.794
47.521
47.362
47.429
47.563
47.628
47.799
47.921
48.067
48.354
48.614
48.975
49.312
49.599
49.841
50.005
50.102
50.138
50.078
49.891
49.613
49.101
48.473
47.839
47.083
46.232
45.288
44.293
43.309
42.339
41.387
40.466
39.587
38.691
37.896
37.191
36.731
36.382
36.18
36.243
36.53
36.941
37.596
38.341
39.191
40.23
41.341
42.497
43.84
45.215
46.714
48.163
49.683
51.16
52.667
54.098
55.42
56.782
58.024
59.219
60.227
61.064
61.712
62.168
62.436
62.631
62.643
60.537
58.312
55.999
53.617
51.203
48.671
46.171
43.72
41.224
38.796
36.333
33.886
31.485
29.163
26.927
25.077
23.346
21.858
20.612
19.646
19.037
18.54
18.412
18.613
18.966
19.54
20.445
21.487
22.616
23.825
25.061
26.522
27.854
29.315
30.826
32.337
33.831
35.29
36.681
38.035
39.289
40.421
41.306
42.087
42.741
43.127
43.156
43.095
42.841
42.387
41.73
42.941
43.959
44.752
45.36
45.798
46.121
46.216
46.252
46.298
46.373
46.519
46.589
46.737
46.98
47.206
47.436
47.792
48.041
48.303
48.58
48.766
49.244
49.61
49.889
50.228
50.605
51.007
51.342
51.899
52.47
53.077
53.48
53.921
54.348
54.655
54.963
55.008
54.994
54.927
54.75
54.488
54.262
53.948
53.653
53.396
53.068
52.923
52.684
52.359
52.128
51.864
51.598
51.337
51.116
50.946
50.833
50.735
50.683
50.675
50.712
50.923
51.129
51.264
51.578
51.887
52.418
52.881
53.185
53.58
54.045
54.58
55.101
55.493
55.88
56.349
56.524
56.656
56.614
56.64
56.444
56.174
55.733
55.214
54.508
53.752
52.977
52.05
51.103
50.032
48.862
47.756
46.602
45.341
44.333
43.335
42.349
41.377
40.441
39.693
